2024_04_20_16_13_43_998,0,0,0,0,24.72638,-49.99979,1.686295,0.01160499,0.009473143,6.274739,0,-4.375878E-05,7.54974E-05,-0.0007413029,0.0003566383,0.0006480549,0.000368258,,,
2024_04_20_16_13_44_116,0,0,0,0,24.72638,-49.99977,1.686295,0.01160126,0.009473909,6.274653,0,-6.187303E-05,-7.846162E-05,-0.0007468758,-0.01006277,0.008252449,0.03573798,,,
2024_04_20_16_13_44_233,0,0,0,0,24.72638,-49.99975,1.686296,0.01159807,0.009475214,6.274566,0,-4.131059E-05,0.00012694,-0.0007299277,0.02295413,0.006434216,0.03052292,,,
2024_04_20_16_13_44_348,0.039999,0,0,3,24.72793,-49.99973,1.686158,0.01159167,0.009094752,6.274081,0.05,-0.001836964,-0.004983777,-0.009047676,0.7030665,0.007556984,0.07677346,,,
2024_04_20_16_13_44_448,0.1001256,0,17,26,24.73746,-49.99957,1.685605,0.01088807,0.008587417,6.273057,0.15,-0.01296566,-0.005872846,-0.01510357,0.9656399,0.04450383,-0.02303673,,,
2024_04_20_16_13_44_565,0.1698588,0,76,85,24.76277,-49.99919,1.684482,0.007701862,0.008324848,6.270953,0.29,-0.04209346,-0.001140133,-0.0250078,1.151025,0.02963096,0.001129694,,,
2024_04_20_16_13_44_665,0.2,0,152,163,24.79561,-49.99903,1.683905,0.005428588,0.007413158,6.269714,0.35,-0.0180924,-0.01205487,-0.01006497,0.2956092,0.006623566,-0.04275178,,,
2024_04_20_16_13_44_781,0.2,0,248,261,24.8366,-49.9996,1.683903,0.006492787,0.004463854,6.26958,0.35,0.01136155,-0.025601,0.001273742,0.03677607,-0.000743661,-0.1316867,,,
2024_04_20_16_13_44_883,0.2,0,332,346,24.8725,-49.99984,1.68424,0.005875999,0.003315356,6.26949,0.35,-0.0109818,-0.008704612,0.004419883,0.03221631,-0.1217159,-0.04070764,,,
2024_04_20_16_13_45_000,0.2,0,429,444,24.91441,-49.99998,1.684234,0.003580886,0.00350552,6.269722,0.36,-0.02703729,0.008468991,-0.001175556,0.08499622,-0.01992471,-0.05029793,,,
2024_04_20_16_13_45_116,0.2,0,529,543,24.95695,-50.00045,1.684028,0.001973935,0.002409573,6.270329,0.36,-0.002385974,-0.03135877,0.01202057,-0.02363324,-0.003302004,0.01776521,,,
2024_04_20_16_13_45_231,0.2,0.07588388,629,643,24.99908,-50.00124,1.683483,0.001592038,6.282083,6.27326,0.36,-0.01749852,-0.01781444,0.04705427,0.1340508,0.1398716,0.02384116,,,
2024_04_20_16_13_45_348,0.2,0.1707387,726,748,25.04207,-50.00136,1.682955,6.282783,6.279986,6.282923,0.37,-0.01663947,-0.01822508,0.1053625,0.02455711,0.03573857,0.1697192,,,
2024_04_20_16_13_45_449,0.2,0.254211,807,841,25.07897,-50.001,1.682698,6.281302,6.278285,0.01266386,0.36,-0.01487778,-0.01794886,0.150778,-0.1395643,0.05586445,0.01777802,,,
2024_04_20_16_13_45_563,0.2,0.3414775,893,950,25.12028,-49.99966,1.682523,6.279299,6.275867,0.03321015,0.35,-0.02016487,-0.0260121,0.1965231,-0.04410743,0.01811981,-0.2557472,,,
2024_04_20_16_13_45_665,0.2,0.4173613,961,1042,25.15441,-49.99758,1.682623,6.276491,6.274234,0.05542091,0.33,-0.02902708,-0.01370585,0.2373316,-0.08282065,0.04528835,-0.1068658,,,
2024_04_20_16_13_45_764,0.2,0.4704801,1025,1134,25.18749,-49.99454,1.68261,6.273196,6.273494,0.08042267,0.33,-0.01419731,-0.004091522,0.2548406,-0.1405776,-0.1216158,0.2075499,,,
2024_04_20_16_13_45_865,0.2,0.4970394,1086,1227,25.21981,-49.99071,1.682682,6.272166,6.273416,0.105678,0.32,0.003639188,-0.003968094,0.2566947,-0.05373358,-0.01059472,-0.003899447,,,
2024_04_20_16_13_45_982,0.2,0.5235988,1152,1333,25.25563,-49.98548,1.682374,6.272264,6.273372,0.1357983,0.31,0.002844106,-0.00432212,0.2569101,0.6640255,-0.01954287,0.1947898,,,
2024_04_20_16_13_46_098,0.2,0.5235988,1216,1437,25.29045,-49.9791,1.682572,6.271493,6.274105,0.165703,0.3,-0.00236902,0.003503287,0.2577869,-1.169026,-0.00989437,0.06835721,,,
2024_04_20_16_13_46_214,0.2,0.5235988,1276,1538,25.32375,-49.97176,1.682983,6.269929,6.274011,0.1940539,0.29,-0.01338451,0.001268233,0.2496653,-1.361072,-0.02159923,-0.004227506,,,
2024_04_20_16_13_46_315,0.2,0.5235988,1328,1625,25.35212,-49.9647,1.683307,6.267612,6.273975,0.2183765,0.29,-0.02035753,-0.004207571,0.2395313,1.975238,-0.02329051,0.004639616,,,
2024_04_20_16_13_46_431,0.2,0.5235988,1388,1725,25.38482,-49.95576,1.683762,6.266572,6.271872,0.2452697,0.3,0.02044434,-0.03972438,0.2184773,0.3754794,0.1044199,-0.1312201,,,
2024_04_20_16_13_46_532,0.2,0.5046278,1451,1817,25.41596,-49.9464,1.683816,6.267292,6.269247,0.2681521,0.33,0.00796786,-0.02866794,0.2292631,0.2169311,-0.07845461,0.0382415,,,
2024_04_20_16_13_46_648,0.2,0.4590975,1527,1928,25.45352,-49.93381,1.684158,6.265429,6.268363,0.2945642,0.35,-0.017653,-0.008895173,0.218274,0.1304448,0.004887581,-0.1553106,,,
2024_04_20_16_13_46_749,0.2,0.3983904,1597,2025,25.48703,-49.92167,1.684496,6.263147,6.267929,0.3154211,0.36,-0.02069217,-0.008061702,0.1932306,0.1218021,-0.03170222,0.001223758,,,
2024_04_20_16_13_46_864,0.2,0.3983904,1682,2140,25.52678,-49.90631,1.685131,6.261183,6.267608,0.3379892,0.37,-0.003705195,-0.006856212,0.193789,-0.04255771,-0.006221234,0.07096678,,,
2024_04_20_16_13_46_981,0.2,0.3983904,1767,2256,25.56639,-49.88984,1.686026,6.260275,6.267313,0.3605963,0.37,-0.005523855,-0.006945176,0.1926058,-0.009298325,0.01434237,-0.0228011,,,
2024_04_20_16_13_47_081,0.2,0.3983904,1841,2355,25.59995,-49.87486,1.686696,6.257868,6.267684,0.3795393,0.37,-0.0402872,0.01162134,0.1872587,0.04792213,0.0359863,-0.05103647,,,
2024_04_20_16_13_47_182,0.2,0.3983904,1915,2455,25.63389,-49.85862,1.687502,6.253438,6.269382,0.3986188,0.38,-0.04124074,0.01136544,0.1906134,0.01850724,0.01649559,-0.1218952,,,
2024_04_20_16_13_47_298,0.2,0.3794194,2003,2572,25.67308,-49.83887,1.688168,6.249087,6.270548,0.4200141,0.38,-0.03317407,0.001865481,0.1832872,0.03224611,0.01710653,-0.117898,,,
2024_04_20_16_13_47_399,0.2,0.3566543,2081,2673,25.70699,-49.8211,1.688614,6.245632,6.271204,0.4375611,0.38,-0.01897383,-0.01357313,0.1771315,0.07286668,-0.1738369,0.1237076,,,
2024_04_20_16_13_47_515,0.2,0.3566543,2172,2792,25.74667,-49.79979,1.688614,6.243511,6.270124,0.4581681,0.39,-0.01680363,-0.01575215,0.177271,0.001758337,0.0128001,-0.02737343,,,
2024_04_20_16_13_47_631,0.2,0.3566543,2265,2912,25.7862,-49.77724,1.688982,6.239728,6.270585,0.4787085,0.39,-0.03792876,0.003379087,0.1750817,0.01642108,0.01783669,-0.05594175,,,
2024_04_20_16_13_47_747,0.2,0.3566543,2358,3033,25.82544,-49.75361,1.689334,6.235559,6.271349,0.4993209,0.39,-0.02785709,-0.007122943,0.177275,0.01451373,-0.01391768,0.07936917,,,
2024_04_20_16_13_47_849,0.2,0.3263007,2439,3136,25.85912,-49.73273,1.689459,6.232625,6.272601,0.515922,0.4,-0.02887109,0.02104172,0.1728759,0.141412,0.04422664,0.0859308,,,
2024_04_20_16_13_47_949,0.2,0.2845646,2522,3242,25.89355,-49.71056,1.689567,6.229354,6.27569,0.5325316,0.42,-0.03213923,0.02199151,0.1529029,0.1095533,-0.01868606,-0.04718173,,,
2024_04_20_16_13_48_049,0.2,0.2845646,2609,3350,25.92891,-49.68718,1.689876,6.226715,6.278891,0.5480679,0.42,-0.01795067,0.02311072,0.1568084,-0.03233552,0.02038479,-0.0274172,,,
2024_04_20_16_13_48_165,0.2,0.2466226,2709,3474,25.96904,-49.65988,1.690435,6.224936,6.281983,0.565966,0.41,0.001660666,0.004680017,0.1501682,-0.3733933,-0.1620054,-0.1994399,,,
2024_04_20_16_13_48_281,0.2,0.2010923,2805,3588,26.00644,-49.63451,1.690935,6.224843,0.0002851896,0.5800264,0.38,-0.003370135,0.00738625,0.1149636,-0.1227856,-0.005349516,-0.08056871,,,
2024_04_20_16_13_48_399,0.2,0.1252084,2898,3698,26.04252,-49.60964,1.691275,6.223396,0.002441029,0.5923222,0.37,-0.01177083,0.01444944,0.07910366,-0.04252791,-0.02044439,0.04641432,,,
2024_04_20_16_13_48_514,0.2,0.1214142,2992,3804,26.07782,-49.58468,1.691712,6.220726,0.005123702,0.6005114,0.37,-0.02861007,0.01820619,0.06876227,-0.007599592,-0.009387732,0.1294026,,,
2024_04_20_16_13_48_616,0.2,0.1214142,3074,3898,26.10837,-49.56264,1.69183,6.218626,0.006732942,0.6073807,0.37,-0.01843591,0.009179379,0.06909858,-0.05751848,-0.01394749,0.01278892,,,
2024_04_20_16_13_48_731,0.2,0.1214142,3168,4006,26.14311,-49.53733,1.692281,6.216195,0.008632784,0.6152403,0.37,-0.01876983,0.009461829,0.06850726,-0.00205636,-0.0007152557,-0.06274134,,,
2024_04_20_16_13_48_831,0.2,0.1214142,3249,4098,26.17263,-49.51533,1.692728,6.213902,0.008872692,0.6220154,0.36,-0.02813981,-0.023573,0.06121968,-0.1800656,0.0590682,0.2545807,,,
2024_04_20_16_13_48_948,0.2,0.1214142,3342,4205,26.20584,-49.48975,1.692936,6.210488,0.006311198,0.6291175,0.35,-0.02871239,-0.02637663,0.05852673,-0.02929568,-0.00487268,-0.1375191,,,
2024_04_20_16_13_49_060,0.2,0.1214142,3431,4307,26.23767,-49.46515,1.692511,6.2086,0.002526337,0.6360343,0.35,-0.01410996,-0.03930417,0.05797504,-0.004023314,-0.02078712,0.01045503,,,
2024_04_20_16_13_49_165,0.2,0.1214142,3510,4398,26.26541,-49.44327,1.692139,6.20603,6.281883,0.6420434,0.33,-0.04025146,-0.04274374,0.05938755,-2.004921,-0.04553794,-0.0626035,,,
2024_04_20_16_13_49_281,0.2,0.1214142,3595,4497,26.29443,-49.41965,1.692101,6.201253,6.278714,0.649235,0.31,-0.03623309,-0.02943306,0.05553953,2.289444,-0.01849234,-0.09201559,,,
2024_04_20_16_13_49_380,0.2,0.1214142,3673,4586,26.32126,-49.39824,1.691912,6.203269,6.270662,0.6557134,0.36,0.02249434,-0.08766879,0.05687385,0.3355145,0.03905594,-0.2447404,,,
2024_04_20_16_13_49_481,0.2,0.1214142,3757,4680,26.35015,-49.37484,1.691936,6.205047,6.263918,0.6620933,0.37,0.01393503,-0.06841244,0.0590115,0.1038611,0.02323091,0.09825639,,,
2024_04_20_16_13_49_597,0.2,0.1214142,3857,4792,26.38384,-49.34686,1.691851,6.206228,6.254225,0.6697515,0.37,0.01222888,-0.09036298,0.05920135,-0.04851818,0.005736947,-0.07340126,,,
2024_04_20_16_13_49_699,0.2,0.1214142,3943,4889,26.41295,-49.32261,1.691498,6.207996,6.244876,0.6765351,0.37,0.02161914,-0.09769709,0.06019656,0.02560019,0.01892447,-0.05521439,,,
2024_04_20_16_13_49_814,0.2,0.1214142,4042,5001,26.44627,-49.29451,1.690952,6.210382,6.233875,0.6843722,0.37,0.03285776,-0.1064291,0.05877448,-0.0167191,0.07538497,0.3477148,,,
2024_04_20_16_13_49_914,0.2,0.1214142,4129,5098,26.47525,-49.26971,1.690345,6.21339,6.225684,0.6906407,0.38,0.03223556,-0.08006992,0.05674639,0.1182854,0.002011657,-0.1179995,,,
2024_04_20_16_13_50_033,0.2,0.1214142,4232,5214,26.51076,-49.23872,1.690377,6.214246,6.225441,0.6992326,0.41,-5.420716E-05,0.00861237,0.07572,0.1869202,0.01636147,-0.04532374,,,
2024_04_20_16_13_50_148,0.2,0.1214142,4339,5335,26.54749,-49.2057,1.690176,6.212113,6.226981,0.7080429,0.44,-0.0154948,0.008952331,0.08030533,0.1366735,-0.03327429,-0.327656,,,
2024_04_20_16_13_50_264,0.2,0.11762,4450,5460,26.58475,-49.17146,1.690214,6.208574,6.225909,0.7171669,0.43,-0.06226101,-0.004303735,0.06563217,-0.1254976,0.1007765,0.1960024,,,
2024_04_20_16_13_50_381,0.2,0.11762,4559,5581,26.62034,-49.13706,1.691254,6.200951,6.226023,0.7249492,0.42,-0.05973905,-0.005320413,0.06636441,-0.01370907,-0.008031726,0.1363009,,,
2024_04_20_16_13_50_482,0.2,0.11762,4649,5683,26.64981,-49.10822,1.692709,6.196309,6.226542,0.7315187,0.41,-0.06864892,0.005856296,0.05689102,0.001937151,0.1595467,0.2528913,,,
2024_04_20_16_13_50_598,0.2,0.1290026,4755,5799,26.68332,-49.0741,1.694018,6.187855,6.228485,0.7374762,0.41,-0.07015211,0.004510727,0.05450498,-0.05167722,0.01215935,0.03682822,,,
2024_04_20_16_13_50_698,0.2,0.1403852,4847,5901,26.71236,-49.04403,1.695124,6.180495,6.229579,0.7435641,0.41,-0.06929359,0.004949685,0.06212319,0.005573034,-0.01110136,-0.04706718,,,
2024_04_20_16_13_50_798,0.2,0.1403852,4938,6003,26.74109,-49.01389,1.695689,6.171451,6.230535,0.7495664,0.42,-0.0997308,0.004675251,0.06088188,0.1564622,-0.004202127,-0.1372844,,,
2024_04_20_16_13_50_915,0.2,0.1403852,5044,6124,26.77646,-48.97704,1.69691,6.160266,6.248319,0.7579346,0.49,-0.1230444,0.219865,0.1030012,0.6317496,0.1480132,0.5023777,,,
2024_04_20_16_13_51_031,0.2,0.1479736,5158,6257,26.81546,-48.93509,1.698847,6.144934,6.276929,0.7670261,0.54,-0.1371714,0.2440434,0.1190275,0.269413,0.05948543,-0.1024231,,,
2024_04_20_16_13_51_149,0.2,0.1479736,5280,6390,26.85505,-48.89302,1.700459,6.143356,0.01460224,0.7764633,0.46,0.02131213,0.1269962,0.08219919,-0.6617307,0.04975497,-0.4146583,,,
2024_04_20_16_13_51_264,0.2,0.1479736,5388,6505,26.88901,-48.8577,1.700044,6.147646,0.02598771,0.7847047,0.41,0.03564018,0.06828558,0.07748951,-0.2362132,-0.03257394,-0.04817359,,,
2024_04_20_16_13_51_382,0.2,0.1479736,5492,6612,26.92033,-48.82454,1.699825,6.150211,0.03268305,0.7929104,0.4,-0.08516008,-0.03248401,0.1088393,0.4777908,0.8272975,-0.3005043,,,
2024_04_20_16_13_51_498,0.2,0.1479736,5601,6734,26.95302,-48.78748,1.700346,6.141749,0.03236236,0.8071759,0.44,-0.04213466,0.0314109,0.1222339,0.02115965,0.09132921,0.1682695,,,
2024_04_20_16_13_51_614,0.2,0.1479736,5711,6858,26.98625,-48.74908,1.702895,6.138319,0.03900135,0.8205029,0.44,-0.02621154,0.04710709,0.1228532,0.06368756,-0.02175569,0.1013242,,,
2024_04_20_16_13_51_714,0.2,0.1479736,5806,6965,27.01488,-48.71523,1.705127,6.136557,0.04575403,0.8319827,0.45,-0.02053404,0.05252864,0.1235876,0.04315376,-0.02023578,0.1356229,,,
2024_04_20_16_13_51_832,0.2,0.1479736,5920,7092,27.0483,-48.67474,1.707226,6.133309,0.05250362,0.8455739,0.45,-0.08034918,-0.002579473,0.1233192,0.03784895,0.1652837,-0.09047239,,,
2024_04_20_16_13_51_948,0.2,0.1479736,6036,7223,27.08141,-48.63274,1.706917,6.127645,0.05442251,0.8601866,0.47,0.06418378,0.009893939,0.1325326,0.6370246,-0.435099,-0.276003,,,
2024_04_20_16_13_52_048,0.2,0.1479736,6143,7344,27.11347,-48.5947,1.703635,6.136188,0.05783943,0.8735046,0.52,0.08134579,0.005406905,0.1416067,0.2484321,0.0308007,0.08589215,,,
2024_04_20_16_13_52_148,0.2,0.1479736,6257,7473,27.1473,-48.55413,1.699135,6.14636,0.05933231,0.8886042,0.54,0.1239653,-0.01644721,0.1689177,0.365138,0.05604326,-0.2426244,,,
2024_04_20_16_13_52_249,0.2,0.1479736,6377,7612,27.18361,-48.51149,1.691576,6.162827,0.05847613,0.9055339,0.54,0.08953517,-0.0850556,0.1185464,-1.186907,0.2346337,0.1270454,,,
2024_04_20_16_13_52_364,0.2,0.1479736,6503,7756,27.21919,-48.46641,1.683724,6.174352,0.05228399,0.9187192,0.45,0.09570936,-0.05057295,0.09983365,-0.5934536,-0.01995265,-0.02577156,,,
2024_04_20_16_13_52_481,0.2,0.1479736,6613,7881,27.24924,-48.42543,1.681325,6.176371,0.05469232,0.9300792,0.43,0.005364808,0.006614094,0.09967174,-0.1037717,-0.02300739,-0.3205165,,,
2024_04_20_16_13_52_581,0.2,0.1479736,6704,7984,27.27371,-48.39117,1.67971,6.178057,0.05689139,0.9402152,0.42,0.01240108,0.01207922,0.1048897,-0.08594989,-0.005722045,0.007310882,,,
2024_04_20_16_13_52_697,0.2,0.1479736,6811,8103,27.30159,-48.35138,1.677232,6.179774,0.05873052,0.9524987,0.42,0.008140527,-2.292078E-05,0.1101984,0.04285574,0.01607835,-0.08692219,,,
2024_04_20_16_13_52_814,0.2,0.1479736,6921,8224,27.32942,-48.31021,1.674308,6.180598,0.05966871,0.9654422,0.42,-0.007243513,-0.003570262,0.1092257,-0.04464388,0.004425645,-0.2597933,,,
2024_04_20_16_13_52_932,0.2,0.1479736,7032,8345,27.35652,-48.26833,1.671567,6.180309,0.06156133,0.9774818,0.43,-0.004956884,0.01488345,0.1000453,0.008136034,-0.05424022,-0.1675244,,,
2024_04_20_16_13_53_042,0.2,0.1479736,7140,8462,27.38258,-48.22716,1.669596,6.181422,0.06466268,0.9886708,0.43,0.01044459,0.01155366,0.1002321,-0.05978345,-0.0115931,-0.005875714,,,
2024_04_20_16_13_53_148,0.2,0.1479736,7238,8567,27.40569,-48.19024,1.667808,6.183015,0.06677436,0.9989139,0.42,0.007941437,0.009446921,0.09955753,-0.1744926,-0.02579391,0.6513623,,,
2024_04_20_16_13_53_260,0.2,0.1479736,7347,8685,27.431,-48.14884,1.665016,6.185014,0.06739441,1.010592,0.43,-0.004935324,-0.02060368,0.102837,-0.03618002,0.03039837,-0.2602506,,,
2024_04_20_16_13_53_366,0.2,0.1479736,7446,8794,27.45357,-48.11041,1.662077,6.185152,0.06770992,1.021295,0.44,-0.003684356,-0.003801886,0.1045624,0.03418326,-0.01528859,-0.02443883,,,
2024_04_20_16_13_53_482,0.2,0.1479736,7558,8917,27.47871,-48.0663,1.659051,6.185119,0.06959541,1.033046,0.44,-0.006051231,0.01894531,0.09830449,-0.06517768,-0.01090765,0.2884436,,,
2024_04_20_16_13_53_599,0.2,0.1479736,7672,9040,27.50361,-48.02148,1.65616,6.185153,0.07287896,1.044383,0.44,0.0002467101,0.01844291,0.1009698,0.1653433,-0.1291186,-0.8553499,,,
2024_04_20_16_13_53_714,0.2,0.1479736,7785,9164,27.52845,-47.97658,1.652815,6.187195,0.07557493,1.056423,0.45,0.02269108,0.01709925,0.1080741,0.1057088,-0.03658235,0.1415135,,,
2024_04_20_16_13_53_832,0.2,0.1479736,7902,9293,27.55389,-47.92967,1.648663,6.190271,0.07818695,1.069082,0.46,0.01338124,0.008953617,0.107943,-0.05745887,-0.0179857,0.05225557,,,
2024_04_20_16_13_53_943,0.2,0.1479736,8015,9417,27.57772,-47.88411,1.644676,6.192704,0.08015835,1.081079,0.46,0.01157039,0.006519573,0.1047518,-0.07233024,0.01130998,-0.1934464,,,
2024_04_20_16_13_54_067,0.2,0.1479736,8134,9549,27.60202,-47.83579,1.640788,6.195196,0.08235706,1.093298,0.45,0.01184588,0.01624691,0.1011247,-0.02616644,0.01703203,-0.04568975,,,
2024_04_20_16_13_54_175,0.2,0.1479736,8243,9671,27.6242,-47.79042,1.637543,6.197962,0.08556134,1.104644,0.45,0.02098555,0.02468786,0.1034513,-0.0860691,-0.007525086,0.2481756,,,
2024_04_20_16_13_54_282,0.2,0.1479736,8342,9781,27.64395,-47.74943,1.635126,6.200699,0.08924865,1.115196,0.44,0.01764079,0.01207749,0.1048122,-0.02011657,0.06699562,0.04904996,,,
2024_04_20_16_13_54_397,0.2,0.1479736,8454,9905,27.66586,-47.70324,1.631874,6.205142,0.09290672,1.127317,0.45,0.03799586,0.03171809,0.1059794,-0.0001490116,-0.01271069,0.1337086,,,
2024_04_20_16_13_54_500,0.2,0.1479736,8553,10012,27.68461,-47.66296,1.629034,6.209956,0.09694487,1.137732,0.44,0.0352242,0.0305936,0.1053526,0.1523197,0.03704429,-0.1800628,,,
2024_04_20_16_13_54_614,0.2,0.1479736,8667,10134,27.70516,-47.61646,1.62539,6.212968,0.09909166,1.149722,0.44,0.001623934,-0.003421884,0.1069843,-0.0821948,-0.01619756,0.407773,,,
2024_04_20_16_13_54_732,0.2,0.1479736,8782,10259,27.7252,-47.56903,1.621557,6.213544,0.09968031,1.162608,0.45,-0.01347332,-0.002726056,0.1120772,0.003576278,0.01050532,0.0214884,,,
2024_04_20_16_13_54_848,0.2,0.1479736,8899,10387,27.74495,-47.5208,1.617336,6.214837,0.09892558,1.176256,0.45,0.007726768,-0.02280749,0.1168065,-0.06467104,-0.01363456,0.1929216,,,
2024_04_20_16_13_54_964,0.2,0.1479736,9020,10522,27.76539,-47.46996,1.61221,6.215641,0.09531888,1.192962,0.5,-0.008476282,-0.04341684,0.1566117,0.4487037,-0.005468726,-0.03567431,,,
2024_04_20_16_13_55_064,0.2,0.1631503,9133,10651,27.78432,-47.42112,1.607168,6.217102,0.09451042,1.209825,0.54,0.0003447197,-0.01419053,0.1802614,0.2892017,0.01952052,-0.02164626,,,
2024_04_20_16_13_55_164,0.2,0.2086807,9250,10789,27.80353,-47.36926,1.60176,6.219527,0.09470879,1.230237,0.56,0.007867526,-0.009770969,0.2308927,0.1533031,0.03938377,0.3076035,,,
2024_04_20_16_13_55_265,0.2,0.2124749,9368,10931,27.8221,-47.31568,1.596242,6.2225,0.09330836,1.254365,0.57,-0.007369988,-0.03028686,0.2411736,-0.05084276,0.09662657,0.04719104,,,
2024_04_20_16_13_55_364,0.2,0.2124749,9486,11075,27.83939,-47.26168,1.590504,6.225095,0.09099858,1.278857,0.57,0.05334632,-0.03780792,0.2487617,0.4062652,-0.1756623,-0.4286039,,,
2024_04_20_16_13_55_481,0.2,0.2124749,9628,11248,27.85986,-47.19635,1.581535,6.237786,0.08978631,1.308588,0.6,0.1202576,0.002812337,0.2550396,0.1502633,-0.03845245,0.1207981,,,
2024_04_20_16_13_55_597,0.2,0.2124749,9762,11404,27.87598,-47.13521,1.576222,6.244359,0.09135614,1.331982,0.5,0.03437085,0.01483045,0.1812506,-0.4628896,-0.2556741,-0.2047392,,,
2024_04_20_16_13_55_698,0.2,0.2124749,9866,11526,27.8873,-47.08786,1.571954,6.247921,0.09173164,1.350712,0.5,-0.01108182,-0.03321997,0.2074441,0.5731285,0.1211166,0.1720237,,,
2024_04_20_16_13_55_813,0.2,0.2124749,9994,11679,27.90007,-47.02874,1.566311,6.24957,0.08941975,1.376143,0.54,-0.000908833,-0.02331371,0.2250157,0.2251267,-0.0003688037,0.01552701,,,
2024_04_20_16_13_55_925,0.2,0.2124749,10124,11835,27.91201,-46.96736,1.560892,6.25361,0.08921286,1.402362,0.56,0.04093844,-0.00446563,0.2321347,0.1958012,-0.1416318,-0.5951626,,,
2024_04_20_16_13_56_026,0.2,0.2124749,10241,11977,27.92179,-46.91175,1.555673,6.260432,0.09002636,1.425916,0.57,0.02539585,0.004981863,0.2341742,-0.01746416,0.1689941,0.01891516,,,
2024_04_20_16_13_56_131,0.2,0.2124749,10363,12123,27.93002,-46.8538,1.550539,6.262725,0.08915055,1.450259,0.57,-0.01404284,-0.007244532,0.23473,-0.05811452,-0.1425296,-0.09150802,,,
2024_04_20_16_13_56_232,0.2,0.2124749,10482,12266,27.93682,-46.79737,1.545926,6.265905,0.08686416,1.474,0.56,0.02478711,-0.0319145,0.2310179,-0.05728006,-0.02771616,-0.1018699,,,
2024_04_20_16_13_56_350,0.2,0.2124749,10619,12430,27.94338,-46.73241,1.540227,6.27106,0.08492216,1.501162,0.56,0.02612201,-0.001481752,0.2351253,0.08851289,0.008642673,-0.05345745,,,
2024_04_20_16_13_56_465,0.2,0.2124749,10753,12592,27.94813,-46.66764,1.534563,6.276313,0.08510663,1.52851,0.57,0.0069886,0.006523748,0.2370511,-0.05507469,0.2522357,0.6457676,,,
2024_04_20_16_13_56_581,0.2,0.2124749,10890,12757,27.95136,-46.60224,1.528908,6.281415,0.08222648,1.556491,0.56,0.02888771,-0.028685,0.2399602,-0.03671646,-0.001706183,0.03652601,,,
2024_04_20_16_13_56_681,0.2,0.2124749,11008,12900,27.95296,-46.54565,1.523519,0.004316984,0.07921934,1.580934,0.56,0.06060089,-0.02815114,0.24438,0.07760525,-0.04028529,-0.1901253,,,
2024_04_20_16_13_56_797,0.2,0.2124749,11145,13066,27.95351,-46.47998,1.516765,0.01358159,0.0758675,1.609488,0.57,0.04224195,-0.0186421,0.24293,-0.0963211,0.3318377,0.5606662,,,
2024_04_20_16_13_56_914,0.2,0.2124749,11282,13232,27.95171,-46.41402,1.510906,0.01925785,0.07254428,1.63777,0.56,0.02688158,-0.00767387,0.236737,0.08255243,-0.01434982,-0.1324373,,,
2024_04_20_16_13_57_031,0.2,0.2124749,11417,13395,27.94813,-46.34917,1.506624,0.02384701,0.07107294,1.665094,0.55,0.007522538,-0.02425736,0.2314145,-0.1642108,0.2533272,-0.2235994,,,
2024_04_20_16_13_57_132,0.2,0.2124749,11531,13532,27.94359,-46.29502,1.502555,0.02616076,0.06741019,1.688103,0.54,0.0468353,-0.01340742,0.2325342,0.09024142,-0.3743171,-0.2056118,,,
2024_04_20_16_13_57_247,0.2,0.2124749,11662,13690,27.93764,-46.23225,1.497889,0.03452362,0.06591031,1.715152,0.55,0.0579023,-0.004458134,0.233774,0.03957748,0.01135468,0.2073459,,,
2024_04_20_16_13_57_344,0.2,0.2124749,11776,13827,27.93073,-46.17834,1.493934,0.03757241,0.06278195,1.738168,0.54,-0.02797113,-0.05712735,0.2294056,-0.1105666,0.04209578,0.05728844,,,
2024_04_20_16_13_57_448,0.2,0.2124749,11890,13964,27.92209,-46.12509,1.488801,0.03915752,0.05630309,1.761018,0.54,0.03013557,-0.03612945,0.2306513,0.05787611,-0.1541972,-0.05711987,,,
2024_04_20_16_13_57_564,0.2,0.2124749,12022,14123,27.91118,-46.06281,1.484372,0.04501435,0.05281648,1.787829,0.53,0.02716551,-0.0356949,0.2280207,-0.2036095,0.01019239,-0.1106718,,,
2024_04_20_16_13_57_665,0.2,0.2124749,12133,14257,27.90083,-46.01117,1.481343,0.04873638,0.04809513,1.810122,0.52,0.02610417,-0.03710631,0.2218014,-0.1013279,-0.0077039,0.07924856,,,
2024_04_20_16_13_57_781,0.2,0.2124749,12260,14408,27.88751,-45.95239,1.47784,0.0529969,0.04512158,1.835509,0.52,0.04745521,-0.01266793,0.2244074,0.1752376,-0.2625585,-0.3608325,,,
2024_04_20_16_13_57_881,0.2,0.2124749,12370,14540,27.87491,-45.90122,1.47524,0.05713865,0.04288067,1.857944,0.51,0.02588267,-0.02908783,0.2229519,-0.1739263,0.01455843,-0.1361142,,,
2024_04_20_16_13_57_983,0.2,0.2124749,12477,14670,27.86156,-45.85181,1.472751,0.06048997,0.03855954,1.879826,0.51,0.02162498,-0.02723852,0.2186764,0.1333356,0.1311004,-0.7912908,,,
2024_04_20_16_13_58_097,0.2,0.2124749,12601,14818,27.84454,-45.79508,1.470289,0.06303702,0.03861968,1.904424,0.5,-0.02578821,0.01181378,0.1730479,-1.680612,0.5452484,0.9009493,,,
2024_04_20_16_13_58_214,0.2,0.2124749,12716,14952,27.82695,-45.74426,1.468398,0.06237762,0.03734816,1.923863,0.43,0.01849682,-0.003989158,0.1559116,-0.2340078,-0.1997053,-0.2957722,,,
2024_04_20_16_13_58_314,0.2,0.2124749,12806,15058,27.81278,-45.70438,1.465985,0.0652533,0.03608676,1.93897,0.42,0.02580176,-0.0002210727,0.1470759,-0.1436472,-0.02111494,-0.01102406,,,
2024_04_20_16_13_58_430,0.2,0.2124749,12907,15176,27.79622,-45.66029,1.464211,0.06707757,0.03390439,1.955534,0.39,-0.008589014,-0.001014595,0.1364667,-0.1663267,0.1205355,-0.1617577,,,
2024_04_20_16_13_58_548,0.2,0.2124749,13003,15289,27.77962,-45.61892,1.463123,0.06681498,0.03300163,1.971425,0.39,-0.003684602,0.004293668,0.1398848,0.02634525,0.01296401,-0.004600734,,,
2024_04_20_16_13_58_664,0.2,0.2124749,13100,15403,27.76242,-45.57708,1.4615,0.06865523,0.03159305,1.987917,0.39,0.01817989,-0.01109166,0.1424293,0.03740191,0.001341104,-0.09521562,,,
2024_04_20_16_13_58_764,0.2,0.2124749,13183,15502,27.74705,-45.54109,1.459686,0.07083636,0.02954811,2.001899,0.39,0.01735723,-0.01022259,0.1391763,0.02026558,0.001117587,-0.0839699,,,
2024_04_20_16_13_58_881,0.2,0.2124749,13277,15615,27.72868,-45.50045,1.458532,0.07239058,0.02780551,2.016892,0.37,-0.007768502,0.002824026,0.1188743,-0.195235,0.003367662,0.0557471,,,
2024_04_20_16_13_58_998,0.2,0.2124749,13368,15726,27.71047,-45.46199,1.457828,0.07413495,0.0249536,2.03039,0.35,0.01714736,-0.02050109,0.1141938,-0.1477301,0.001087785,-0.09041465,,,
2024_04_20_16_13_59_115,0.2,0.2124749,13457,15835,27.69188,-45.42467,1.45652,0.075409,0.0205282,2.042975,0.35,0.02654732,-0.05052139,0.1085986,0.0008940696,-0.06259978,0.1296233,,,
2024_04_20_16_13_59_232,0.2,0.2124749,13546,15943,27.67276,-45.38781,1.456006,0.07498503,0.01727309,2.055556,0.36,-0.003446691,-0.01025038,0.1121076,0.05280971,0.01589954,0.0525238,,,
2024_04_20_16_13_59_347,0.2,0.2124749,13635,16050,27.65337,-45.3512,1.455522,0.07619517,0.01393077,2.068069,0.35,0.01839184,-0.02716495,0.1093997,-0.06383657,-0.009670854,0.1356602,,,
2024_04_20_16_13_59_449,0.2,0.2124749,13711,16143,27.63638,-45.32001,1.455278,0.07722368,0.01126835,2.078713,0.35,-0.00275505,-0.007065523,0.1056774,-0.02223253,0.007688999,-0.0169687,,,
2024_04_20_16_13_59_564,0.2,0.2124749,13797,16248,27.6165,-45.28466,1.454959,0.0779422,0.008624916,2.090764,0.35,0.001504285,-0.01144352,0.1048104,-0.06768107,-0.0129044,-0.04553049,,,
2024_04_20_16_13_59_665,0.2,0.1403852,13874,16339,27.59856,-45.25397,1.454502,0.07635549,0.006636691,2.099107,0.36,-0.02057523,-0.02766444,0.06175606,0.04899501,-0.07064641,-0.1716567,,,
2024_04_20_16_13_59_781,0.2,0.1214142,13967,16444,27.57717,-45.21803,1.453677,0.07437463,0.003320063,2.10601,0.36,-0.01814696,-0.03468517,0.05657232,-0.03758073,-0.01223385,0.04376564,,,
2024_04_20_16_13_59_881,0.2,0.08726646,14051,16535,27.55808,-45.18663,1.452822,0.07252693,6.282187,2.10932,0.37,-0.002250329,-0.03639167,0.03791828,-0.1000464,-0.1508296,0.0806488,,,
2024_04_20_16_13_59_998,0.2,0.01897097,14149,16640,27.53597,-45.14985,1.451987,0.07170508,6.278436,2.111149,0.36,-0.00945897,-0.02854142,-0.003493052,0.03314018,-0.0128895,-0.1356909,,,
2024_04_20_16_14_00_097,0.2,0.01897097,14235,16729,27.5171,-45.11834,1.451352,0.07093223,6.275782,2.110617,0.36,-0.01996045,-0.02548425,-0.00651783,-0.05128979,0.09995698,0.05575362,,,
2024_04_20_16_14_00_214,0.2,0.01897097,14334,16832,27.49513,-45.08165,1.451072,0.06989519,6.272077,2.110018,0.36,-0.006560564,-0.03102358,-0.0006988093,-0.03519654,0.006049871,-0.05753804,,,
2024_04_20_16_14_00_314,0.2,0.01897097,14418,16918,27.47648,-45.05053,1.451393,0.06770501,6.270461,2.109811,0.36,-0.02431757,-0.01445658,-0.001257451,0.09733438,-0.1312047,-0.3491146,,,
2024_04_20_16_14_00_430,0.2,0.01897097,14516,17019,27.45474,-45.01422,1.451371,0.06527035,6.269367,2.109737,0.37,-0.02027322,-0.003768009,0.001142648,0.02783537,0.008523464,0.008455012,,,
2024_04_20_16_14_00_532,0.2,0.01897097,14601,17107,27.43591,-44.98228,1.451853,0.06393398,6.270124,2.110129,0.37,-0.01740879,0.01719127,0.003652367,-0.01195073,0.01712143,0.02439134,,,
2024_04_20_16_14_00_648,0.2,0.01897097,14697,17208,27.4145,-44.94598,1.452559,0.06254647,6.271419,2.110587,0.36,-0.006147127,0.006309574,0.00325647,-0.01350045,-0.01958013,0.001426786,,,
2024_04_20_16_14_00_765,0.2,0.01897097,14795,17311,27.39298,-44.90916,1.453256,0.06252783,6.271398,2.111023,0.36,0.005377724,-0.005075964,0.003613807,-0.01648068,-0.0006109476,-0.03262237,,,
2024_04_20_16_14_00_882,0.2,0.01897097,14891,17412,27.37194,-44.87327,1.453971,0.06295872,6.270797,2.111285,0.36,-0.003725471,-0.01109289,-0.004160783,-0.1462996,0.05097687,-0.02811942,,,
2024_04_20_16_14_00_991,0.2,0.01897097,14984,17509,27.3515,-44.83897,1.45483,0.06300187,6.268981,2.110672,0.34,0.00157558,-0.01812288,-0.004634436,-0.02849102,-0.005573034,0.02187304,,,
2024_04_20_16_14_01_094,0.2,0.01897097,15064,17593,27.3338,-44.80944,1.455285,0.06270732,6.266699,2.109915,0.35,-0.01092485,-0.02974933,-0.008394668,0.09566545,0.00461936,0.0303993,,,
2024_04_20_16_14_01_198,0.2,0.01897097,15148,17679,27.31532,-44.77885,1.455442,0.06114511,6.263927,2.109006,0.35,-0.02534684,-0.02996747,-0.00599892,0.07817149,0.0244528,-0.03732741,,,
2024_04_20_16_14_01_314,0.2,0.01897097,15244,17779,27.29416,-44.7431,1.456024,0.06032539,6.262244,2.109215,0.35,0.002605066,0.006757217,0.004323667,0.01588464,-0.3179311,-0.2883812,,,
2024_04_20_16_14_01_414,0.2,0.01897097,15324,17862,27.27671,-44.71299,1.457346,0.06082074,6.263096,2.109749,0.35,0.00502928,0.00968867,0.005026949,-0.009566545,-0.004559755,-0.0589462,,,
2024_04_20_16_14_01_516,0.2,0.01897097,15404,17944,27.25903,-44.68284,1.458318,0.06026467,6.263675,2.11009,0.35,-0.005309598,-0.003286335,0.007027077,-0.09077787,-0.1695901,0.3888709,,,
2024_04_20_16_14_01_631,0.2,0.01897097,15500,18041,27.23824,-44.64756,1.459026,0.05940873,6.263457,2.110666,0.35,-0.01692066,0.008439617,0.005888083,-0.01075864,0.1233965,0.08443277,,,
2024_04_20_16_14_01_742,0.2,0,15592,18134,27.21804,-44.61328,1.46053,0.05791576,6.264374,2.11053,0.35,-0.004544027,0.004952721,-0.005155337,-0.03814697,-0.01816452,0.01966767,,,
2024_04_20_16_14_01_847,0.2,0,15674,18218,27.20017,-44.58267,1.461771,0.05746036,6.264502,2.110009,0.34,-0.008618977,-0.005603641,-0.004974312,0.0603795,-0.01119077,-0.2034865,,,
2024_04_20_16_14_01_964,0.2,0,15769,18313,27.17984,-44.54802,1.462591,0.05618258,6.262351,2.109104,0.34,-0.02498748,-0.02959495,-0.01344573,-0.03975629,0.1708716,-0.02957973,,,
2024_04_20_16_14_02_065,0.2,0,15850,18395,27.16215,-44.51873,1.462938,0.05397215,6.258907,2.107465,0.33,-0.01919065,-0.03836936,-0.0154143,-0.0166297,0.007107853,-0.243417,,,
2024_04_20_16_14_02_181,0.2,0,15944,18489,27.14178,-44.48464,1.462773,0.05208557,6.255735,2.106102,0.35,-0.01166394,-0.01128434,-0.008185321,0.1125336,-0.009208918,-0.0006784684,,,
2024_04_20_16_14_02_297,0.2,0,16041,18587,27.12101,-44.44876,1.463073,0.05249943,6.253343,2.105999,0.35,0.01527853,-0.01311541,0.003828967,-0.08678436,-0.02211332,0.04674214,,,
2024_04_20_16_14_02_398,0.2,0,16122,18669,27.10365,-44.41901,1.463803,0.05210102,6.250247,2.105204,0.34,-0.004023548,-0.03086598,-0.006955393,-0.05161762,0.003650784,0.07190648,,,
2024_04_20_16_14_02_497,0.2,0,16201,18749,27.08667,-44.39004,1.464788,0.0511817,6.247757,2.104363,0.33,-0.01217455,-0.01713328,-0.005853531,-0.1206994,-0.1075715,0.1658182,,,
2024_04_20_16_14_02_613,0.2,0,16291,18839,27.06769,-44.35682,1.466455,0.05101232,6.246962,2.104328,0.33,3.764732E-05,-0.005809635,0.001766829,-0.0115633,0.009462237,-0.1775594,,,
2024_04_20_16_14_02_715,0.2,0,16369,18917,27.05136,-44.3278,1.467886,0.05166373,6.247002,2.10482,0.33,0.007253375,0.001065227,0.006437509,0.04997849,-0.001147389,0.1187967,,,
2024_04_20_16_14_02_831,0.2,0,16459,19007,27.03245,-44.29496,1.469546,0.05027356,6.245052,2.10449,0.32,-0.01435105,-0.01916634,-0.003834935,-0.007718801,0.006824731,-0.1824824,,,
2024_04_20_16_14_02_948,0.2,0,16548,19097,27.01352,-44.2624,1.47082,0.0494011,6.242234,2.103567,0.32,9.747967E-05,-0.02627542,-0.004241907,0.07414818,-0.006347894,0.07447228,,,
2024_04_20_16_14_03_064,0.2,0,16638,19188,26.99453,-44.22914,1.471805,0.05015957,6.239841,2.102999,0.33,0.007391699,-0.01960566,-0.004221241,0.09906291,-0.002026558,0.01595728,,,
2024_04_20_16_14_03_164,0.2,0,16715,19268,26.97797,-44.20028,1.472683,0.05088395,6.237891,2.102367,0.33,0.000617303,-0.02527064,-0.007017151,-0.3879964,0.1343489,1.338608,,,
2024_04_20_16_14_03_280,0.2,0,16805,19361,26.9589,-44.16753,1.473817,0.05035558,6.234745,2.10088,0.32,-0.00916601,-0.02411838,-0.01226032,-0.05042553,0.001177192,-0.02553407,,,
2024_04_20_16_14_03_397,0.2,0,16892,19452,26.9401,-44.13528,1.475218,0.04962641,6.231956,2.099343,0.32,0.003221111,-0.01717257,-0.007232012,0.100553,-0.0899434,0.01789536,,,
2024_04_20_16_14_03_512,0.2,0,16980,19545,26.92135,-44.10248,1.476697,0.05022775,6.230247,2.098382,0.32,0.00993572,-0.009123826,-0.007135418,-0.01809001,-0.01645088,-0.308753,,,
2024_04_20_16_14_03_632,0.2,0,17069,19635,26.90252,-44.06951,1.478774,0.04999606,6.229364,2.097626,0.32,-0.02494873,-0.009793766,-0.009759787,-0.03647804,0.04439056,0.06722659,,,
2024_04_20_16_14_03_747,0.2,0,17156,19723,26.88402,-44.03737,1.481209,0.04809882,6.229553,2.097152,0.32,-0.01016326,0.004928326,0.0002609658,-0.08857249,-0.01199543,0.04659313,,,
2024_04_20_16_14_03_847,0.2,0,17232,19799,26.8683,-44.00947,1.482244,0.04851054,6.227273,2.097009,0.32,0.009596765,-0.02831481,-0.005614888,-0.07644296,-0.0423789,-0.002615154,,,
2024_04_20_16_14_03_964,0.2,0,17320,19888,26.84989,-43.97713,1.483801,0.04915343,6.224541,2.095985,0.31,0.006126869,-0.02591912,-0.008819729,-0.000655651,0.00102818,-0.01921505,,,
2024_04_20_16_14_04_080,0.2,0,17404,19974,26.83211,-43.94603,1.486255,0.04832039,6.223571,2.094982,0.31,0.006117635,-0.005589085,-0.0009419289,-0.3823042,-0.1044571,1.280888,,,
2024_04_20_16_14_04_181,0.2,0,17477,20046,26.81733,-43.91943,1.488369,0.04928872,6.222658,2.095044,0.3,0.01321236,-0.006727718,0.004508305,0.003427267,-0.03264844,-0.03993511,,,
2024_04_20_16_14_04_297,0.2,0,17562,20129,26.80028,-43.88828,1.490352,0.05114761,6.221355,2.095832,0.31,0.00685562,-0.01971489,0.0007090697,-0.176847,0.3181696,0.7631527,,,
2024_04_20_16_14_04_408,0.2,0,17646,20213,26.78304,-43.85755,1.491886,0.05164562,6.217529,2.095397,0.3,0.004448529,-0.03518445,-0.004974173,0.03427267,-0.01652539,-0.2151336,,,
2024_04_20_16_14_04_514,0.2,0,17719,20287,26.7677,-43.83061,1.493826,0.0508211,6.215244,2.094729,0.3,-0.01594126,-0.01443593,-0.004873578,-0.07751584,0.003844499,0.1457091,,,
2024_04_20_16_14_04_613,0.2,0,17791,20357,26.75294,-43.80482,1.496092,0.04922694,6.213766,2.094204,0.29,-0.01556313,-0.01450167,-0.003909056,0.06300211,-0.02509355,-0.3490662,,,
2024_04_20_16_14_04_731,0.2,0,17872,20437,26.7362,-43.77539,1.498464,0.04778403,6.211699,2.093671,0.29,-0.005935045,-0.02523574,-0.003941243,-0.003010034,-0.006668269,-0.19274,,,
2024_04_20_16_14_04_830,0.2,0,17943,20508,26.72162,-43.74939,1.500188,0.04785807,6.209853,2.093276,0.3,-0.003696194,-0.02167773,-0.005118139,0.02017617,0.0002831221,0.2343822,,,
2024_04_20_16_14_04_931,0.2,0,18015,20580,26.70674,-43.7228,1.501959,0.0478341,6.207915,2.092889,0.3,-0.0003846604,-0.01875912,-0.002564363,0.08982419,-0.0064224,-0.2210466,,,
2024_04_20_16_14_05_047,0.2,0,18098,20662,26.68988,-43.69272,1.504576,0.04677949,6.206205,2.092798,0.29,-0.0133121,-0.02371377,0.0001328166,-0.1328588,0.006079673,-0.172358,,,
2024_04_20_16_14_05_163,0.2,0,18179,20741,26.67349,-43.66357,1.507095,0.04542873,6.203893,2.092967,0.29,-0.00988864,-0.01495048,0.004640453,0.02461672,0.01117587,-0.0226181,,,
2024_04_20_16_14_05_264,0.2,0,18250,20811,26.65911,-43.63773,1.508853,0.04520716,6.201489,2.093381,0.29,-6.050989E-05,-0.02492223,0.00491038,0.02124905,0.0002831221,0.1337575,,,
2024_04_20_16_14_05_381,0.2,0,18333,20893,26.64235,-43.6075,1.511086,0.04554751,6.199045,2.093712,0.3,0.005517801,-0.01831208,0.002045928,-0.06505847,-0.01573563,-0.07348694,,,
2024_04_20_16_14_05_497,0.2,0,18415,20975,26.62547,-43.57729,1.513481,0.04620957,6.1969,2.093626,0.29,0.005348552,-0.01797473,-0.0007416306,0.01618266,-0.003390014,-0.1142537,,,
2024_04_20_16_14_05_613,0.2,0,18497,21056,26.60882,-43.54732,1.515844,0.04717737,6.19506,2.09363,0.3,0.008756007,-0.01512193,0.0005757302,-0.04649162,0.01859665,0.06774813,,,
2024_04_20_16_14_05_713,0.2,0,18568,21127,26.59432,-43.52124,1.518211,0.04750334,6.194096,2.093696,0.29,-0.0009008097,-0.005771797,0.001184188,-0.07939338,-0.002801418,-0.01262315,,,
2024_04_20_16_14_05_829,0.2,0,18647,21206,26.5777,-43.4925,1.521111,0.0452029,6.192586,2.092585,0.28,-0.02802881,-0.01417279,-0.01396654,-0.05617737,-0.003993511,0.03238581,,,
2024_04_20_16_14_05_947,0.2,0,18724,21285,26.56132,-43.46437,1.52387,0.04316824,6.191359,2.090812,0.27,-0.002835759,-0.007026736,-0.01257084,-0.1681447,-0.007897615,0.06114877,,,
2024_04_20_16_14_06_048,0.2,0,18787,21352,26.54831,-43.44129,1.526177,0.04355973,6.190155,2.089365,0.26,0.01095976,-0.01991409,-0.01025486,-1.321852,0.003136694,-0.06363727,,,
2024_04_20_16_14_06_163,0.2,0,18858,21428,26.53364,-43.41507,1.528396,0.04519864,6.186819,2.087197,0.26,0.0135175,-0.03267711,-0.01714147,-0.9591281,-0.018619,-0.2301643,,,
2024_04_20_16_14_06_280,0.2,0,18930,21505,26.51877,-43.38851,1.531406,0.04524338,6.184735,2.08527,0.26,0.005634645,-0.005873244,-0.00120739,0.3319978,-0.02405047,0.2563754,,,
2024_04_20_16_14_06_397,0.2,0,19005,21584,26.50346,-43.36056,1.534677,0.04588307,6.184685,2.084869,0.28,0.003048867,0.003306002,-0.003065262,0.06696582,-0.005699694,-0.2574371,,,
2024_04_20_16_14_06_513,0.2,0,19082,21663,26.48767,-43.33178,1.538063,0.04601783,6.18534,2.084582,0.29,-0.002008968,0.007408455,-0.002552236,0.04068017,0.02004206,-0.02044719,,,
2024_04_20_16_14_06_613,0.2,0,19148,21732,26.47392,-43.30698,1.540998,0.04522474,6.185588,2.084074,0.28,-0.01076023,-0.0001494661,-0.006781506,-0.03582239,0.01110881,0.1992332,,,
2024_04_20_16_14_06_731,0.2,0,19226,21813,26.45804,-43.27829,1.543939,0.04468731,6.184435,2.083298,0.28,-0.01222548,-0.01066132,-0.006965535,-0.09980797,0.01807511,-0.1348359,,,
2024_04_20_16_14_06_830,0.2,0,19290,21881,26.44468,-43.25435,1.54662,0.04367371,6.18332,2.082541,0.27,-0.007526871,-0.01528764,-0.007479045,-0.03451109,-0.01808256,0.3201803,,,
2024_04_20_16_14_06_932,0.2,0,19354,21949,26.43147,-43.23051,1.549248,0.04337917,6.181979,2.081739,0.27,0.005436792,-0.01444517,-0.007679968,-0.001013279,-0.03094971,0.7807063,,,
2024_04_20_16_14_07_048,0.2,0,19433,22028,26.41566,-43.202,1.552978,0.04473525,6.179703,2.079232,0.29,0.005105829,-0.01663113,-0.02166805,0.1526475,-0.1207143,-0.2436908,,,
2024_04_20_16_14_07_164,0.2,0,19517,22114,26.39834,-43.17091,1.556711,0.04544578,6.179229,2.076795,0.32,-0.001256436,0.0002623217,-0.02149312,0.1357198,0.008970499,-0.1054238,,,
2024_04_20_16_14_07_264,0.2,0,19593,22190,26.38263,-43.14284,1.560041,0.04552141,6.179455,2.074587,0.33,-0.001822482,0.001497079,-0.02265631,0.07554889,-0.001460314,-0.03499817,,,
2024_04_20_16_14_07_379,0.2,0,19684,22281,26.36409,-43.1097,1.563982,0.04555497,6.178285,2.071542,0.32,-0.002163244,-0.01859059,-0.02675046,-0.05167722,0.01996755,0.2454081,,,
2024_04_20_16_14_07_480,0.2,0,19761,22358,26.34842,-43.08138,1.567314,0.04575098,6.177106,2.068818,0.33,-0.00167523,-0.006207408,-0.02617926,0.06338954,0.01235306,-0.01478847,,,
2024_04_20_16_14_07_580,0.2,0,19839,22436,26.33271,-43.05268,1.570494,0.04657602,6.176013,2.06608,0.33,0.005739208,-0.01310431,-0.0267852,0.02288818,0.0002831221,0.2937903,,,
2024_04_20_16_14_07_680,0.2,0,19918,22514,26.31678,-43.02376,1.573659,0.045784,6.175456,2.063123,0.33,-0.02674085,0.0004905723,-0.005042201,-0.5736053,-0.3704279,0.1934608,,,
2024_04_20_16_14_07_798,0.2,0,20002,22597,26.29975,-42.99268,1.577556,0.04209126,6.175533,2.061843,0.29,-0.03893371,-0.005154157,-0.01303457,-0.1528561,-0.002264977,0.2300935,,,
2024_04_20_16_14_07_910,0.2,0,20079,22675,26.28422,-42.96438,1.581082,0.03842036,6.175412,2.060441,0.27,-0.02581302,0.002710291,-0.01097698,-0.117749,-0.004939734,0.04998035,,,
2024_04_20_16_14_08_013,0.2,0,20144,22741,26.27132,-42.94036,1.584324,0.03645867,6.175202,2.059444,0.26,-0.01306731,-0.008901453,-0.009023484,-0.1053512,-0.0005662441,0.08412822,,,
2024_04_20_16_14_08_131,0.2,0,20216,22814,26.2571,-42.91347,1.587922,0.03495346,6.174302,2.058364,0.26,-0.01387669,-0.007236791,-0.008189761,-0.05418062,0.005818903,0.006534159,,,
2024_04_20_16_14_08_247,0.2,0,20288,22887,26.24319,-42.88692,1.591081,0.03445225,6.173075,2.057307,0.26,0.008455275,-0.01847088,-0.008051184,0.1537204,-0.01360476,-0.04076957,,,
2024_04_20_16_14_08_349,0.2,0,20352,22952,26.23086,-42.86305,1.593484,0.03516118,6.170792,2.056227,0.26,0.001747951,-0.02812083,-0.01279448,-0.00616908,0.001952052,0.01595635,,,
2024_04_20_16_14_08_464,0.2,0,20425,23027,26.21689,-42.83615,1.596232,0.03596279,6.167216,2.054584,0.26,0.000472907,-0.02541311,-0.01272354,-0.03960728,0.111185,0.1915097,,,
2024_04_20_16_14_08_564,0.2,0,20488,23090,26.20483,-42.81308,1.599017,0.03551165,6.165323,2.053193,0.26,-0.01342289,-0.007604291,-0.01204799,0.05608797,0.003792345,0.1176381,,,
2024_04_20_16_14_08_681,0.2,0,20560,23164,26.19062,-42.78606,1.602564,0.03420937,6.16569,2.052082,0.27,-0.01067152,0.005296327,-0.008997254,-0.01165271,0.01594424,0.277319,,,
2024_04_20_16_14_08_797,0.2,0,20633,23238,26.17626,-42.75872,1.606215,0.03297686,6.166361,2.051145,0.27,-0.01147717,0.005351249,-0.007410564,-0.01317263,0.0008791685,-0.2552438,,,
2024_04_20_16_14_08_914,0.2,0,20708,23313,26.16202,-42.7312,1.609877,0.03229349,6.165729,2.050364,0.26,-0.01091517,-0.01040173,-0.00777957,-0.009000301,-0.01455843,0.1685852,,,
2024_04_20_16_14_09_031,0.2,0,20781,23385,26.14809,-42.70435,1.613361,0.0312948,6.164438,2.049492,0.26,0.005050378,-0.01794546,-0.005378343,0.1405478,-0.09384006,0.06143562,,,
2024_04_20_16_14_09_131,0.2,0,20844,23448,26.13647,-42.68102,1.615963,0.03251613,6.16221,2.049406,0.26,0.01913891,-0.02773826,0.004015326,0.01585484,0.005640089,-0.2495106,,,
2024_04_20_16_14_09_246,0.2,0,20916,23518,26.12356,-42.65468,1.619026,0.03423813,6.158216,2.049754,0.24,0.02131805,-0.03497011,0.007569325,-0.1148581,-0.01037121,0.117288,,,
2024_04_20_16_14_09_352,0.2,0,20980,23580,26.11252,-42.63166,1.62222,0.03603204,6.155209,2.050642,0.23,0.01369217,-0.02345818,0.01120396,-0.07550418,-0.0005215406,0.007709488,,,
2024_04_20_16_14_09_457,0.2,0,21041,23638,26.10169,-42.60968,1.625426,0.03655934,6.154078,2.05146,0.24,0.009872914,-0.01075409,0.01032065,-0.007003545,-0.03235042,0.3623795,,,
2024_04_20_16_14_09_561,0.2,0,21100,23697,26.0908,-42.58795,1.628406,0.03602671,6.151592,2.051914,0.24,-0.004280001,-0.02403299,0.003654175,-0.006765127,0.005938112,0.04887115,,,
2024_04_20_16_14_09_664,0.2,0,21158,23756,26.07993,-42.56651,1.631363,0.03551645,6.149144,2.051997,0.24,-0.003430787,-0.02624654,0.0004286476,-0.02710521,-0.04029274,0.6429506,,,
2024_04_20_16_14_09_764,0.2,-0.007588388,21216,23813,26.06941,-42.54553,1.634247,0.03603097,6.145265,2.052005,0.22,-0.003967337,-0.05025333,-0.007002085,-0.206247,0.02964586,-0.206735,,,
2024_04_20_16_14_09_881,0.2,-0.08347227,21281,23875,26.0577,-42.52291,1.637202,0.03577637,6.139373,2.048408,0.22,-0.01089931,-0.05611083,-0.03961154,0.07110834,-0.04157424,0.1404593,,,
2024_04_20_16_14_09_980,0.2,-0.2086807,21339,23925,26.04784,-42.5034,1.639696,0.03619023,6.13535,2.041097,0.22,0.001923911,-0.03067782,-0.07421397,-0.04936754,0.007815659,0.1410227,,,
2024_04_20_16_14_10_096,0.2,-0.2314458,21408,23982,26.03658,-42.4799,1.642806,0.03700729,6.132729,2.032094,0.22,-0.006364349,-0.02488915,-0.0807533,-0.0346452,-0.02665072,0.3624717,,,
2024_04_20_16_14_10_214,0.2,-0.2693878,21479,24038,26.02597,-42.45647,1.646208,0.0389956,6.130471,2.022717,0.21,0.01150744,-0.01990351,-0.07659848,0.7778257,-0.0571832,-0.4659309,,,
2024_04_20_16_14_10_332,0.2,-0.2959471,21548,24090,26.01642,-42.43405,1.649653,0.04180417,6.128796,2.01231,0.21,0.004834462,-0.01627039,-0.08073372,0.8473098,0.08146092,-0.02529612,,,
2024_04_20_16_14_10_431,0.2,-0.3225065,21608,24134,26.00841,-42.41499,1.652551,0.04359808,6.127886,2.002728,0.21,0.001742274,-0.01212995,-0.1038657,-1.134008,0.009927898,0.01093978,,,
2024_04_20_16_14_10_550,0.2,-0.3338891,21682,24187,25.99889,-42.39113,1.655892,0.04636617,6.12602,1.990778,0.21,0.01375334,-0.03746183,-0.08565902,1.060367,0.01752377,0.2297405,,,
2024_04_20_16_14_10_664,0.2,-0.3338891,21748,24235,25.99091,-42.36965,1.659079,0.04990764,6.123345,1.980432,0.2,0.01720935,-0.02528114,-0.09566859,-1.333237,0.01714006,0.2394742,,,
2024_04_20_16_14_10_763,0.2,-0.3338891,21806,24278,25.98398,-42.35086,1.662112,0.0521186,6.121966,1.971074,0.2,0.004654273,-0.01949753,-0.08468032,1.756176,0.03335625,-0.4374776,,,
2024_04_20_16_14_10_882,0.2,-0.3376833,21874,24326,25.9759,-42.32896,1.664914,0.05276148,6.118969,1.960341,0.19,-0.0134101,-0.03608259,-0.08317904,1.874164,0.01729652,-0.42242,,,
2024_04_20_16_14_10_997,0.2,-0.3376833,21942,24377,25.96804,-42.30736,1.667574,0.05293352,6.116406,1.94962,0.2,-0.01766651,-0.01358528,-0.1067849,-1.91538,-0.03321841,-0.2165092,,,
2024_04_20_16_14_11_097,0.2,-0.3376833,22003,24421,25.96119,-42.28804,1.670166,0.05290742,6.114713,1.939682,0.21,-0.03879203,-0.05549098,-0.09092519,1.675263,0.2861917,-0.07315818,,,
2024_04_20_16_14_11_213,0.2,-0.3376833,22078,24479,25.95238,-42.26261,1.673237,0.05221447,6.109791,1.927924,0.24,-0.01139716,-0.03454094,-0.1053125,-0.6444156,0.009194016,-0.1659011,,,
2024_04_20_16_14_11_332,0.2,-0.3376833,22159,24542,25.9434,-42.23465,1.67656,0.05369625,6.106565,1.915294,0.25,-0.003480855,-0.03277541,-0.1038847,0.8458495,-0.04728883,-0.1436593,,,
2024_04_20_16_14_11_447,0.2,-0.3376833,22240,24605,25.93492,-42.20581,1.680613,0.05867956,6.107373,1.903136,0.27,0.05506116,0.03633622,-0.1048957,-0.8809268,-0.01873076,0.525807,,,
2024_04_20_16_14_11_547,0.2,-0.3376833,22310,24659,25.92833,-42.18058,1.684951,0.06517927,6.111385,1.892945,0.27,0.05023048,0.03410777,-0.1041584,-0.4821717,0.0433661,0.2610441,,,
2024_04_20_16_14_11_663,0.2,-0.3376833,22392,24722,25.9209,-42.15123,1.689853,0.07247101,6.115345,1.879933,0.25,0.03192864,0.02304403,-0.1243427,0.1006424,0.04747137,-0.7073734,,,
2024_04_20_16_14_11_763,0.2,-0.3376833,22461,24773,25.91461,-42.12715,1.69308,0.07652061,6.11675,1.867386,0.25,0.01907836,0.004440979,-0.1282132,-0.930801,0.03282726,0.01182407,,,
2024_04_20_16_14_11_882,0.2,-0.3376833,22536,24828,25.90846,-42.10056,1.698205,0.08337292,6.121159,1.853518,0.23,0.03229987,0.02597118,-0.1191961,-0.1681745,0.01866743,0.1520806,,,
2024_04_20_16_14_11_991,0.2,-0.3376833,22603,24878,25.90322,-42.07681,1.702921,0.08895703,6.125392,1.840325,0.22,0.01307468,0.02207918,-0.1210762,0.02235174,0.1132563,0.3675313,,,
2024_04_20_16_14_12_095,0.2,-0.3376833,22663,24921,25.89818,-42.05564,1.706841,0.09134536,6.129505,1.827702,0.22,-0.002196454,0.03146723,-0.1301,0.09308755,0.02459809,-0.07168785,,,
2024_04_20_16_14_12_213,0.2,-0.3376833,22734,24973,25.8924,-42.03064,1.711346,0.09300184,6.13412,1.812255,0.23,-0.01166192,0.02205292,-0.1373692,0.2234727,0.03112107,0.4832379,,,
2024_04_20_16_14_12_314,0.2,-0.3376833,22796,25017,25.88767,-42.00881,1.715231,0.09437497,6.138726,1.798896,0.23,0.02692569,0.06531541,-0.1200758,1.111567,-0.2019666,0.2319794,,,
2024_04_20_16_14_12_414,0.2,-0.3376833,22859,25060,25.88397,-41.9868,1.719478,0.09887145,6.14679,1.786951,0.23,0.02417462,0.07394189,-0.1264713,-0.4290342,0.03102422,0.08007744,,,
2024_04_20_16_14_12_530,0.2,-0.3376833,22933,25111,25.87982,-41.96105,1.724358,0.1026441,6.155765,1.772952,0.24,0.0229663,0.05666664,-0.1231247,-0.5855709,-0.1248941,-0.04621548,,,
2024_04_20_16_14_12_647,0.2,-0.3376833,23011,25165,25.87605,-41.93338,1.72899,0.1072833,6.16408,1.758993,0.25,0.03169148,0.063744,-0.12453,0.7475018,-0.1796037,0.1588962,,,
2024_04_20_16_14_12_753,0.2,-0.3376833,23084,25217,25.87304,-41.90716,1.73373,0.1125233,6.172793,1.745929,0.26,0.0405882,0.06771903,-0.135317,-1.624554,-0.1248047,0.3400096,,,
2024_04_20_16_14_12_863,0.2,-0.3376833,23159,25270,25.87044,-41.88024,1.738508,0.1180558,6.181641,1.732893,0.26,0.0284388,0.08099741,-0.132023,-0.3266334,0.0112094,0.4831387,,,
2024_04_20_16_14_12_980,0.2,-0.3376833,23243,25330,25.86749,-41.8496,1.743409,0.1224085,6.192726,1.71834,0.28,0.02751041,0.07976815,-0.135667,1.002043,-0.03256649,0.1722681,,,
2024_04_20_16_14_13_097,0.2,-0.3376833,23332,25393,25.86487,-41.81723,1.747105,0.1279931,6.203284,1.703252,0.3,0.03181133,0.07628988,-0.1392288,1.953751,0.0003129244,-0.007794704,,,
2024_04_20_16_14_13_214,0.2,-0.3376833,23424,25459,25.86251,-41.78347,1.751564,0.1302786,6.213914,1.68698,0.29,-0.004651166,0.04085304,-0.1495153,-0.4270673,-0.009324402,0.1429189,,,
2024_04_20_16_14_13_330,0.2,-0.3376833,23514,25524,25.86099,-41.75052,1.756184,0.1317173,6.221403,1.670899,0.28,0.009794675,0.04918823,-0.1409199,-0.1110434,-0.04153326,-0.2090847,,,
2024_04_20_16_14_13_448,0.2,-0.3376833,23602,25588,25.86012,-41.7181,1.760869,0.1333919,6.230224,1.654952,0.28,0.003024548,0.06556211,-0.1473747,0.01084804,0.03746152,0.2663899,,,
2024_04_20_16_14_13_563,0.2,-0.3376833,23689,25653,25.85967,-41.6857,1.765346,0.1357035,6.239864,1.63899,0.29,0.01804085,0.05715205,-0.1501952,0.1357198,0.1313686,-0.1500705,,,
2024_04_20_16_14_13_681,0.2,-0.3376833,23780,25721,25.85892,-41.65149,1.768816,0.1352028,6.247339,1.620457,0.3,-0.01946946,0.0437329,-0.172734,0.1017153,-0.04959851,-0.8945166,,,
2024_04_20_16_14_13_780,0.2,-0.3376833,23856,25782,25.85847,-41.6223,1.771761,0.1332363,6.253798,1.604306,0.29,-0.02684343,0.03977533,-0.1664135,-0.04142522,0.02528354,-0.2374649,,,
2024_04_20_16_14_13_880,0.2,-0.3376833,23930,25843,25.85841,-41.59422,1.774735,0.1311277,6.259627,1.588619,0.28,-0.02930962,0.02694125,-0.1620441,-0.009268522,0.009443611,-0.2737064,,,
2024_04_20_16_14_13_996,0.2,-0.3376833,24014,25914,25.85888,-41.56175,1.777756,0.1282957,6.265253,1.570278,0.29,-0.03726469,0.04532441,-0.1582098,-0.01722574,0.09885057,0.04639383,,,
2024_04_20_16_14_14_113,0.2,-0.3376833,24109,25988,25.86034,-41.52635,1.780943,0.1294802,6.268324,1.548871,0.33,0.01812431,-0.005112601,-0.2098888,0.5074739,0.02561509,0.1197867,,,
2024_04_20_16_14_14_231,0.2,-0.3376833,24222,26073,25.86258,-41.48459,1.78355,0.1310041,6.270302,1.521597,0.37,0.06461164,-0.07450494,-0.25179,0.2511144,-0.3218725,0.0208579,,,
2024_04_20_16_14_14_347,0.2,-0.3376833,24346,26166,25.86688,-41.43916,1.784729,0.1364236,6.268312,1.491124,0.4,0.006763396,-0.01893989,-0.2603911,0.1290441,0.01944602,-0.05923211,,,
2024_04_20_16_14_14_447,0.2,-0.3338891,24456,26248,25.87174,-41.39855,1.786841,0.1388231,6.270036,1.46488,0.4,0.0324701,-0.02196598,-0.2560418,0.01737475,-0.02418458,-0.1512337,,,
2024_04_20_16_14_14_564,0.2,-0.3073297,24582,26345,25.87923,-41.35169,1.788603,0.1452658,6.26913,1.436167,0.41,0.06913318,-0.05959136,-0.239187,0.04816055,-0.03613532,-0.232825,,,
2024_04_20_16_14_14_674,0.2,-0.2845646,24716,26448,25.88688,-41.30247,1.785936,0.1464419,6.262363,1.405557,0.45,0.03242534,-0.1289198,-0.2609143,0.2313852,-0.06261468,-0.01728535,,,
2024_04_20_16_14_14_782,0.2,-0.2807704,24846,26549,25.89561,-41.25465,1.782697,0.1476014,6.254712,1.376377,0.47,-0.09645914,-0.0600675,-0.2708604,0.319153,0.4805475,-0.2503823,,,
2024_04_20_16_14_14_896,0.2,-0.2124749,24990,26665,25.90589,-41.19984,1.780447,0.1398335,6.252553,1.349318,0.48,-0.03459851,-0.0554405,-0.20499,-0.08469819,-0.03649294,-0.1596249,,,
2024_04_20_16_14_14_997,0.2,-0.2010923,25116,26769,25.91694,-41.15203,1.778204,0.137335,6.247981,1.327642,0.48,-0.1037492,-0.01422274,-0.2010784,0.06619096,0.6155372,-0.1149326,,,
2024_04_20_16_14_15_097,0.2,-0.1935039,25238,26870,25.92777,-41.10477,1.777406,0.126424,6.249926,1.307985,0.49,-0.1305035,-0.008081205,-0.2014091,0.08982419,0.1473874,-0.2118517,,,
2024_04_20_16_14_15_214,0.2,-0.1745329,25380,26990,25.94191,-41.04992,1.777006,0.1165176,6.251621,1.287539,0.45,-0.04707008,-0.02640269,-0.1336522,-1.005232,-0.004559755,0.271365,,,
2024_04_20_16_14_15_330,0.2,-0.136591,25498,27094,25.95576,-41.00382,1.77763,0.1109516,6.252498,1.274985,0.39,-0.05228906,0.002758785,-0.09504843,-0.2425015,0.02193451,-0.02990383,,,
2024_04_20_16_14_15_447,0.2,-0.1100316,25604,27191,25.96924,-40.96241,1.77943,0.1082681,6.256265,1.265687,0.36,-0.01989424,0.023562,-0.06218065,-0.1282394,0.1156777,-0.04831235,,,
2024_04_20_16_14_15_549,0.2,-0.07967807,25688,27273,25.98071,-40.92871,1.78087,0.1068684,6.258499,1.261199,0.35,-0.006333563,0.007982077,-0.04326085,-0.09688734,-0.02920627,-0.06089825,,,
2024_04_20_16_14_15_663,0.2,-0.003794194,25782,27369,25.99401,-40.89055,1.782227,0.1066218,6.259459,1.259212,0.35,-0.00175973,0.005718339,0.0001315592,0.06583333,0.007852912,-0.1412453,,,
2024_04_20_16_14_15_779,0.2,0.03035355,25875,27467,26.00729,-40.85251,1.783291,0.1072386,6.259349,1.259661,0.34,0.00764991,-0.002171427,0.01833284,-0.02971291,-0.000141561,-0.2302416,,,
2024_04_20_16_14_15_897,0.2,0.06070711,25965,27565,26.02005,-40.81476,1.784607,0.1066852,6.258914,1.262466,0.34,-0.01080723,-0.004765249,0.02283378,0.01642108,-0.02421439,-0.07241592,,,
2024_04_20_16_14_15_998,0.2,0.0645013,26041,27649,26.03055,-40.78286,1.785985,0.106503,6.258347,1.26489,0.34,0.0241585,-0.02590946,0.01079511,0.40856,-0.2673641,0.2137637,,,
2024_04_20_16_14_16_113,0.2,0.0645013,26137,27749,26.04356,-40.74355,1.787776,0.1086692,6.256112,1.265728,0.37,0.01124604,-0.01062915,0.009357155,0.1393855,0.001236796,-0.2021734,,,
2024_04_20_16_14_16_213,0.2,0.0645013,26223,27839,26.05514,-40.70787,1.789446,0.1095007,6.255224,1.266641,0.38,0.006955978,-0.005581751,0.01004027,0.1557171,-0.006094574,-0.005198642,,,
2024_04_20_16_14_16_314,0.2,0.0645013,26312,27931,26.06693,-40.67091,1.791028,0.1096205,6.255258,1.267563,0.39,-0.007938446,0.007935986,0.01071219,0.125587,0.1017451,0.1054713,,,
2024_04_20_16_14_16_430,0.2,0.0645013,26417,28040,26.08051,-40.62691,1.792764,0.1086996,6.256015,1.268972,0.4,-0.008035516,0.008051038,0.01130785,0.05465746,0.01323968,0.2336446,,,
2024_04_20_16_14_16_548,0.2,0.0645013,26527,28154,26.09441,-40.58075,1.794237,0.1063981,6.256736,1.270121,0.41,-0.0268598,0.008025907,0.007407582,0.09450316,0.01576543,0.1934869,,,
2024_04_20_16_14_16_664,0.2,0.1100316,26634,28266,26.10791,-40.53517,1.795615,0.1035799,6.257558,1.27187,0.41,-0.01298536,0.009550419,0.04129611,-0.09682774,0.01493841,-0.4099924,,,
2024_04_20_16_14_16_780,0.2,0.1783271,26737,28381,26.12123,-40.48993,1.797056,0.100904,6.257874,1.280315,0.4,-0.0332653,0.0111199,0.07739351,-0.07021427,0.05408376,0.006937421,,,
2024_04_20_16_14_16_897,0.2,0.254211,26838,28498,26.13368,-40.44463,1.798146,0.09737688,6.257599,1.292145,0.4,-0.02819478,-0.004139497,0.116977,-0.2119541,0.1212582,0.1371042,,,
2024_04_20_16_14_17_013,0.2,0.3149181,26934,28613,26.14487,-40.40107,1.799151,0.09442344,6.255166,1.306424,0.38,-0.01757492,0.006746767,0.1443816,-0.09036063,-0.1034103,0.4845592,,,
2024_04_20_16_14_17_113,0.2,0.3528601,27010,28711,26.15395,-40.36484,1.800307,0.09300504,6.25429,1.322499,0.37,-0.007971644,0.005742954,0.1658283,-0.1029074,0.01538917,0.03665965,,,
2024_04_20_16_14_17_230,0.2,0.3642426,27096,28823,26.16367,-40.32315,1.801898,0.09072751,6.255397,1.342693,0.37,-0.02430059,0.03917629,0.1771937,0.02995133,0.01735613,-0.2076866,,,
2024_04_20_16_14_17_348,0.2,0.3642426,27182,28935,26.1724,-40.28135,1.80382,0.08734156,6.258099,1.3638,0.37,-0.02380246,0.03882541,0.1776864,-0.03358722,-0.02272427,-0.09038974,,,
2024_04_20_16_14_17_463,0.2,0.3642426,27267,29047,26.17999,-40.23949,1.805702,0.08346347,6.259136,1.383749,0.36,-0.03650648,0.01847043,0.1619708,0.003546476,-0.01749024,0.06354239,,,
2024_04_20_16_14_17_579,0.2,0.3642426,27351,29155,26.18624,-40.19879,1.807377,0.07885566,6.25966,1.402355,0.36,-0.03590494,0.01729438,0.1607267,-0.07295609,0.002641231,-0.07191812,,,
2024_04_20_16_14_17_679,0.2,0.3642426,27425,29250,26.19111,-40.16312,1.808208,0.0757925,6.258422,1.418419,0.36,-0.03291205,-0.001647884,0.1592496,0.02607703,0.02213195,-0.02839672,,,
2024_04_20_16_14_17_780,0.2,0.3642426,27500,29347,26.19537,-40.12667,1.808903,0.07198311,6.257136,1.434535,0.36,-0.04387918,0.009154504,0.1596696,-0.02872944,0.1570694,0.04644785,,,
2024_04_20_16_14_17_893,0.2,0.3642426,27583,29456,26.19996,-40.08535,1.810279,0.06852473,6.259321,1.454781,0.38,-0.01801235,0.03948691,0.1870181,0.1504123,0.01623109,0.05651312,,,
2024_04_20_16_14_17_994,0.2,0.3642426,27657,29556,26.20367,-40.04779,1.811634,0.06699981,6.261008,1.474167,0.37,-0.003264309,0.02206085,0.1902369,-0.07560849,-0.01870096,0.1184667,,,
2024_04_20_16_14_18_096,0.2,0.3642426,27731,29654,26.20665,-40.01115,1.813222,0.06613748,6.260479,1.492532,0.36,-0.0229038,0.01890484,0.1714778,-0.1637935,0.07166713,0.07255282,,,
2024_04_20_16_14_18_197,0.2,0.3642426,27802,29747,26.20838,-39.97605,1.815055,0.06256405,6.261724,1.509251,0.36,-0.03769276,0.03594262,0.1651839,0.1105368,0.02111867,-0.08695165,,,
2024_04_20_16_14_18_313,0.2,0.3642426,27886,29856,26.20928,-39.93455,1.816903,0.05663851,6.263127,1.528064,0.36,-0.05470717,0.01501193,0.155949,-0.003248453,0.01081452,0.001260312,,,
2024_04_20_16_14_18_412,0.2,0.3642426,27960,29952,26.20965,-39.89862,1.817385,0.05448668,6.260224,1.544168,0.36,-0.01460872,-0.02322477,0.1628442,0.01716614,-0.003054738,0.1207028,,,
2024_04_20_16_14_18_529,0.2,0.3642426,28046,30063,26.20948,-39.85685,1.817955,0.05230608,6.25659,1.562839,0.36,-0.01429472,-0.02248342,0.1620203,-0.03260374,-0.003498047,-0.1537034,,,
2024_04_20_16_14_18_630,0.2,0.3642426,28118,30158,26.2088,-39.821,1.819199,0.04999499,6.255645,1.580029,0.35,-0.01946047,0.005929305,0.1730188,-0.05152821,0.003729015,0.09265053,,,
2024_04_20_16_14_18_746,0.2,0.3642426,28201,30268,26.20732,-39.77979,1.820925,0.04721199,6.257017,1.600417,0.36,-0.02081971,0.02452019,0.1768576,0.03075599,0.02368912,-0.0554705,,,
2024_04_20_16_14_18_846,0.2,0.3642426,28273,30363,26.20536,-39.74376,1.822415,0.04503139,6.258912,1.618408,0.37,-0.01976376,0.04777109,0.1838456,0.123322,0.08008628,0.01345295,,,
2024_04_20_16_14_18_957,0.2,0.3642426,28355,30474,26.20244,-39.70195,1.824615,0.04337011,6.263728,1.640374,0.37,-0.006911591,0.05093613,0.1923659,0.01659989,0.005960464,0.03308197,,,
2024_04_20_16_14_19_059,0.2,0.3642426,28428,30572,26.19929,-39.66494,1.826092,0.04390647,6.266199,1.659973,0.38,0.0121288,0.002200992,0.1831973,0.1487136,0.3129393,-0.2186489,,,
2024_04_20_16_14_19_163,0.2,0.3642426,28507,30676,26.19467,-39.62584,1.826174,0.04396879,6.266285,1.679204,0.39,0.002197489,0.0110029,0.1894988,0.08201598,0.01239777,0.01385435,,,
2024_04_20_16_14_19_263,0.2,0.3642426,28585,30778,26.18921,-39.58766,1.826586,0.04283109,6.265348,1.697496,0.38,-0.02157887,0.007516003,0.178364,-0.04526972,0.002510845,-0.1316788,,,
2024_04_20_16_14_19_373,0.2,0.3642426,28671,30889,26.18192,-39.54563,1.828016,0.03803846,6.267925,1.717393,0.38,-0.04103459,0.05049227,0.1798019,0.07429719,0.06730109,-0.01550279,,,
2024_04_20_16_14_19_479,0.2,0.3604484,28749,30992,26.17442,-39.50687,1.829388,0.03335716,6.272607,1.736385,0.39,-0.04415632,0.05267336,0.1828297,0.06771088,-0.003181398,-0.02294266,,,
2024_04_20_16_14_19_596,0.2,0.3604484,28839,31111,26.16483,-39.46233,1.831002,0.02792484,6.27811,1.758095,0.4,-0.0460948,0.05282179,0.1851242,0.02798438,-0.0009983778,0.1485615,,,
2024_04_20_16_14_19_712,0.2,0.3528601,28929,31230,26.1545,-39.41815,1.832016,0.02484463,6.280422,1.779674,0.39,-0.01926574,0.03632211,0.1873012,0.09220838,0.04385411,0.06231409,,,
2024_04_20_16_14_19_829,0.2,0.3528601,29021,31349,26.14295,-39.37357,1.833288,0.02004242,0.002792484,1.801464,0.4,-0.06560397,0.04923002,0.1771688,0.1193285,0.06097555,0.1487362,,,
2024_04_20_16_14_19_946,0.2,0.3528601,29109,31466,26.13101,-39.33074,1.834253,0.01514273,0.005451738,1.825154,0.36,-0.03749856,0.01650855,0.2017189,-0.2615154,-0.1053214,0.1788805,,,
2024_04_20_16_14_20_047,0.2,0.3490658,29180,31561,26.12114,-39.29666,1.834272,0.01332166,0.006057788,1.845145,0.36,-0.003180439,0.01060897,0.2014607,0.03665686,-0.005900859,0.03927433,,,
2024_04_20_16_14_20_146,0.2,0.3300949,29251,31655,26.11085,-39.26237,1.833881,0.01297492,0.007006037,1.864647,0.36,-0.00395318,0.01163038,0.1948605,0.0004470348,-0.02068281,0.07590698,,,
2024_04_20_16_14_20_262,0.2,0.3149181,29337,31764,26.09823,-39.22274,1.833746,0.01268197,0.008091124,1.886937,0.36,0.001297785,0.007308708,0.1952441,-0.02282858,-0.01081824,-0.04105409,,,
2024_04_20_16_14_20_363,0.2,0.3149181,29411,31858,26.08658,-39.1886,1.833808,0.01145053,0.008047126,1.90597,0.35,-0.008695301,0.003537484,0.1870655,-0.04979968,-0.008389354,0.03230013,,,
2024_04_20_16_14_20_479,0.2,0.2845646,29496,31965,26.07263,-39.15004,1.834171,0.01065637,0.008163482,1.926121,0.35,-0.01477925,0.009221384,0.1650258,-0.08043646,0.1743585,0.276227,,,
2024_04_20_16_14_20_579,0.2,0.254211,29568,32055,26.05994,-39.11763,1.834897,0.008482168,0.008261372,1.941401,0.34,-0.01743704,-0.01370687,0.1354293,-0.01555681,-0.1367778,0.005961861,,,
2024_04_20_16_14_20_679,0.2,0.2238574,29641,32144,26.04681,-39.08582,1.835031,0.006976417,0.006815209,1.953988,0.34,-0.01521345,-0.01299887,0.1117138,-0.01788139,-0.04146993,-0.03680633,,,
2024_04_20_16_14_20_796,0.2,0.2086807,29728,32247,26.03126,-39.04837,1.835073,0.007272027,0.005072557,1.967586,0.35,0.005826497,-0.02271042,0.116632,0.0757575,-0.01063943,-0.1279442,,,
2024_04_20_16_14_20_911,0.2,0.1897097,29817,32351,26.01541,-39.01072,1.83481,0.008005994,0.002332073,1.981075,0.35,0.006059529,-0.02268474,0.1114838,0.01692772,-0.03586709,0.09657256,,,
2024_04_20_16_14_21_012,0.2,0.1821213,29896,32441,26.00067,-38.97785,1.834587,0.006631804,0.001526784,1.9912,0.36,-0.02406434,-0.008533763,0.09702754,0.04708767,0.01020729,-0.01029554,,,
2024_04_20_16_14_21_113,0.2,0.1707387,29973,32531,25.98578,-38.94538,1.834904,0.006159359,0.0006645313,2.000778,0.35,0.001289147,-0.01110168,0.09266324,-0.04637241,-0.01628697,0.009529293,,,
2024_04_20_16_14_21_228,0.2,0.1593561,30061,32635,25.9686,-38.90866,1.834842,0.006179599,6.282586,2.010898,0.34,0.002382886,-0.01168212,0.08087596,-0.08037686,-0.01473725,-0.09351438,,,
2024_04_20_16_14_21_331,0.2,0.1593561,30136,32725,25.95378,-38.87705,1.834661,0.007836085,6.281687,2.019557,0.35,0.01287675,0.002408075,0.08780332,0.08949637,0.08717179,0.03342656,,,
2024_04_20_16_14_21_446,0.2,0.1555619,30223,32830,25.93618,-38.84028,1.834834,0.009615077,6.281532,2.029865,0.35,0.01429241,0.001045851,0.08698647,0.03963709,0.009834765,-0.1107103,,,
2024_04_20_16_14_21_547,0.2,0.1441794,30302,32923,25.91999,-38.80785,1.834769,0.0100822,6.280797,2.037796,0.36,-0.00877223,0.001374641,0.07755609,0.05081296,0.2274364,0.5078952,,,
2024_04_20_16_14_21_662,0.2,0.1214142,30395,33029,25.89999,-38.77015,1.834874,0.006990265,6.281295,2.045536,0.37,-0.03331118,-0.006472159,0.05593008,-0.06628036,-0.01724064,0.01220981,,,
2024_04_20_16_14_21_764,0.2,0.07967807,30476,33120,25.88287,-38.73796,1.835228,0.005654956,6.281513,2.050354,0.36,-0.007804826,0.001989341,0.03787245,-0.09962916,0.1881867,-0.130842,,,
2024_04_20_16_14_21_863,0.2,0.07967807,30558,33211,25.86578,-38.7058,1.835638,0.006152435,6.280273,2.053715,0.38,0.02197929,-0.02840149,0.02399605,0.3830194,0.02598762,-0.0254428,,,
2024_04_20_16_14_21_973,0.2,0.07967807,30661,33320,25.8437,-38.66571,1.835856,0.003759851,6.281714,2.055815,0.43,-0.04639157,0.04352965,0.01836045,0.3792941,-0.04014372,0.02835458,,,
2024_04_20_16_14_22_081,0.2,0.07967807,30761,33425,25.82162,-38.62686,1.836428,6.283004,0.0008489369,2.057468,0.44,-0.02807609,0.01776244,0.01609046,0.03024936,-0.01344085,0.02964213,,,
2024_04_20_16_14_22_197,0.2,0.07967807,30874,33545,25.79727,-38.58272,1.837558,6.282101,0.003865191,2.060678,0.44,0.01066297,0.03634919,0.03668894,0.1075268,-0.0002384186,-0.002148212,,,
2024_04_20_16_14_22_312,0.2,0.07967807,30988,33668,25.77271,-38.53728,1.838594,0.000489489,0.008330223,2.065065,0.45,0.02667955,0.03913518,0.03948872,-0.04452467,-0.04917383,0.01481827,,,
2024_04_20_16_14_22_430,0.2,0.07967807,31103,33790,25.74778,-38.49184,1.839643,0.001613876,0.01289866,2.069113,0.45,-0.04766019,0.05469901,0.02350872,0.2168417,0.1732856,-0.09873229,,,
2024_04_20_16_14_22_548,0.2,0.07967807,31221,33916,25.72073,-38.4458,1.840004,6.27878,0.017776,2.071687,0.46,-0.02968323,0.04013599,0.02519133,-0.2169311,-0.3455877,0.9039798,,,
2024_04_20_16_14_22_660,0.2,0.07967807,31338,34039,25.69485,-38.40057,1.840452,6.278659,0.01874398,2.074701,0.45,0.01185617,-0.001189909,0.02745885,-0.07525086,-0.0001341105,-0.03034901,,,
2024_04_20_16_14_22_763,0.2,0.07588388,31440,34147,25.67239,-38.36115,1.840359,6.278679,0.02009363,2.077102,0.46,-0.01968793,0.01714203,0.01869767,0.1317561,0.03023445,0.1025877,,,
2024_04_20_16_14_22_864,0.2,0.07588388,31543,34256,25.64917,-38.32116,1.840188,6.277888,0.02201986,2.079143,0.46,-0.005272115,0.02200621,0.02115211,-0.02557039,0.05425512,0.1796987,,,
2024_04_20_16_14_22_977,0.2,0.07967807,31661,34379,25.62212,-38.27591,1.839772,6.273478,0.02547017,2.080934,0.47,-0.05162073,0.04859629,0.02090794,0.1422465,0.03303587,0.01000939,,,
2024_04_20_16_14_23_080,0.2,0.07967807,31767,34490,25.59761,-38.23511,1.839839,6.269505,0.03061327,2.083539,0.48,-0.02181915,0.04991691,0.02883919,-0.0552237,-0.04732608,0.07936823,,,
2024_04_20_16_14_23_197,0.2,0.07967807,31889,34620,25.56959,-38.18769,1.839821,6.268807,0.03388589,2.086892,0.47,-0.04637044,0.001045484,0.01534254,0.1032352,0.9331554,-0.5317982,,,
2024_04_20_16_14_23_297,0.2,0.07967807,31996,34732,25.54417,-38.14685,1.838313,6.262103,0.03722717,2.088672,0.49,-0.04174174,0.03695849,0.02476786,0.1064539,-0.2474934,0.3615431,,,
2024_04_20_16_14_23_413,0.2,0.07967807,32120,34864,25.51545,-38.09932,1.836532,6.260206,0.03878638,2.0931,0.45,0.007633835,-0.01808496,0.04836694,-0.4621744,-0.1426935,-0.1193397,,,
2024_04_20_16_14_23_513,0.2,0.09864905,32216,34968,25.49361,-38.06197,1.834948,6.261351,0.03761487,2.098816,0.42,-0.00467084,-0.0225728,0.06193198,-0.1472831,0.157401,-0.01448207,,,
2024_04_20_16_14_23_630,0.2,0.1138258,32324,35086,25.46844,-38.02067,1.832778,6.259623,0.03773304,2.105568,0.41,-0.02270561,0.01036011,0.0606729,-0.007271766,0.01977384,-0.03404357,,,
2024_04_20_16_14_23_746,0.2,0.1138258,32428,35201,25.44309,-37.98019,1.831492,6.256794,0.04076517,2.112997,0.41,-0.01179432,0.02779603,0.0727954,-0.0475049,-0.03173947,0.1099361,,,
2024_04_20_16_14_23_863,0.2,0.1138258,32534,35316,25.41779,-37.93948,1.830492,6.256064,0.04425454,2.121834,0.41,0.000379242,0.03084565,0.07910107,-0.09104609,-0.03786385,0.00922475,,,
2024_04_20_16_14_23_980,0.2,0.1138258,32637,35428,25.3929,-37.89995,1.829563,6.255739,0.04565875,2.130653,0.4,-0.002588439,0.005695443,0.07729896,-0.03328919,-0.002235174,0.01309998,,,
2024_04_20_16_14_24_094,0.2,0.1138258,32741,35541,25.3679,-37.86078,1.828158,6.255293,0.04601268,2.139802,0.4,-0.02609115,0.002455879,0.07775968,0.08195638,0.2545118,-0.1386357,,,
2024_04_20_16_14_24_197,0.2,0.1138258,32833,35640,25.34512,-37.82626,1.826255,6.25362,0.04682358,2.147799,0.42,-0.0298368,-0.006586563,0.07562169,-0.01746416,0.2416968,0.1431955,,,
2024_04_20_16_14_24_313,0.2,0.09106066,32941,35757,25.31821,-37.78625,1.8245,6.252927,0.04655928,2.156305,0.41,0.0108577,-0.006913862,0.07027398,-0.07349253,-0.01251697,-0.08331984,,,
2024_04_20_16_14_24_429,0.2,0.05691291,33046,35869,25.2922,-37.7475,1.823125,6.253566,0.0450616,2.162903,0.39,-0.009898335,-0.02839512,0.04178371,-0.03921985,0.07781386,-0.04382571,,,
2024_04_20_16_14_24_530,0.2,0.05691291,33137,35963,25.26953,-37.71492,1.821483,6.251728,0.04360412,2.166577,0.4,-0.02480715,-0.02825611,0.02846547,-0.05370378,0.1443475,0.05994271,,,
2024_04_20_16_14_24_645,0.2,0.04553033,33245,36076,25.24256,-37.67641,1.819152,6.250609,0.04151586,2.170162,0.4,0.003479764,-0.02593843,0.02819774,-0.02452731,-0.07911026,-0.01067948,,,
2024_04_20_16_14_24_746,0.2,0.02655936,33337,36170,25.21966,-37.64373,1.817794,6.249065,0.03953757,2.172086,0.39,-0.0221553,-0.02666068,0.01154761,-0.0371933,-0.1423061,-0.1086057,,,
2024_04_20_16_14_24_859,0.2,-0.003794194,33440,36275,25.19398,-37.60739,1.817008,6.248891,0.03846423,2.171299,0.38,-0.003555344,0.0004414144,-0.01758205,-0.09641051,0.1067817,0.0245152,,,
2024_04_20_16_14_24_962,0.2,-0.03414775,33529,36367,25.17193,-37.5756,1.816303,6.249926,0.03989084,2.169684,0.39,-0.006870789,-0.004980556,-0.03010989,0.3513097,0.2187639,-0.1422083,,,
2024_04_20_16_14_25_064,0.2,-0.07967807,33626,36461,25.14844,-37.54205,1.813935,6.249286,0.0386561,2.165131,0.41,-0.007874668,-0.02865309,-0.06811274,-0.001788139,-0.01622736,0.121885,,,
2024_04_20_16_14_25_178,0.2,-0.09106066,33742,36571,25.12137,-37.50267,1.81123,6.249724,0.03570236,2.156744,0.41,0.03862868,-0.02970248,-0.07041477,-0.07906555,-0.1771748,0.0465922,,,
2024_04_20_16_14_25_280,0.2,-0.1290026,33839,36662,25.0993,-37.46896,1.81007,6.252099,0.03335602,2.14857,0.39,0.01962164,-0.02252062,-0.09185402,-0.1458228,0.007420778,0.05052145,,,
2024_04_20_16_14_25_396,0.2,-0.136591,33952,36765,25.07431,-37.43045,1.80848,6.252973,0.02942533,2.138016,0.39,0.00575744,-0.02058247,-0.09664129,0.02044439,0.135988,-0.1336914,,,
2024_04_20_16_14_25_513,0.2,-0.1707387,34064,36866,25.05003,-37.39217,1.806411,6.253623,0.02653938,2.126458,0.39,0.006539743,-0.026002,-0.1104419,0.03579259,-0.02254546,-0.03482681,,,
2024_04_20_16_14_25_613,0.2,-0.2276516,34164,36950,25.02946,-37.35861,1.804539,6.253623,0.02422174,2.114255,0.39,0.002784077,-0.003690971,-0.1375807,-0.1161992,-0.06815791,-0.03009895,,,
2024_04_20_16_14_25_730,0.2,-0.254211,34277,37043,25.00716,-37.32045,1.804008,6.25525,0.02259873,2.097256,0.37,0.01643876,-0.02434553,-0.1509594,-0.08824467,0.1753419,-0.1764311,,,
2024_04_20_16_14_25_846,0.2,-0.254211,34387,37133,24.98632,-37.28345,1.803233,6.255199,0.01923362,2.080151,0.36,-0.01036401,-0.02592963,-0.141429,-0.03013015,0.005081296,-0.04919618,,,
2024_04_20_16_14_25_957,0.2,-0.254211,34494,37217,24.96709,-37.24769,1.802425,6.255092,0.01834579,2.064486,0.36,0.0009575223,0.00237764,-0.1383534,0.005751848,-0.009976326,0.01640059,,,
2024_04_20_16_14_26_063,0.2,-0.254211,34590,37293,24.95051,-37.21515,1.802176,6.256371,0.01892855,2.050578,0.36,0.02007119,0.006375564,-0.1341859,0.06362796,-0.01072884,0.02471986,,,
2024_04_20_16_14_26_179,0.2,-0.254211,34701,37382,24.93187,-37.17682,1.801591,6.257414,0.01829971,2.034654,0.37,-0.0022453,-0.01491515,-0.1381277,0.02893805,0.02685934,-0.02449797,,,
2024_04_20_16_14_26_279,0.2,-0.254211,34797,37458,24.91628,-37.14392,1.800844,6.256774,0.01645528,2.020991,0.35,-0.004897378,-0.01771551,-0.1330205,-0.2352595,0.02761185,-0.00868272,,,
2024_04_20_16_14_26_395,0.2,-0.273182,34905,37541,24.89971,-37.10749,1.800393,6.255162,0.01316626,2.005887,0.34,-0.01544308,-0.02770432,-0.1379202,-0.1026392,-0.02652407,0.001560431,,,
2024_04_20_16_14_26_496,0.2,-0.3035355,34998,37611,24.8858,-37.07605,1.800151,6.253324,0.01102644,1.990121,0.34,-0.007198678,-0.02107634,-0.1599965,0.1212954,-0.01715124,-0.04854169,,,
2024_04_20_16_14_26_596,0.2,-0.3149181,35092,37682,24.87228,-37.04384,1.799602,6.252635,0.008696094,1.973472,0.35,-0.00285106,-0.01538898,-0.1705715,0.06693602,-0.002540648,0.07982598,,,
2024_04_20_16_14_26_696,0.2,-0.3149181,35187,37754,24.85924,-37.0111,1.799138,6.252797,0.006409875,1.956477,0.35,-0.002401784,-0.02221514,-0.1699392,-0.1415908,0.2757385,-0.2244718,,,
2024_04_20_16_14_26_796,0.2,-0.3149181,35282,37825,24.84684,-36.97843,1.798177,6.252719,0.002878185,1.940064,0.35,0.008172963,-0.02207195,-0.1628913,-0.003457069,-0.1688525,0.3178571,,,
2024_04_20_16_14_26_913,0.2,-0.3149181,35391,37909,24.83295,-36.93982,1.797593,6.253434,0.0005384907,1.920937,0.35,-0.006296286,0.001117462,-0.1718869,0.1187622,-0.01008063,0.007745809,,,
2024_04_20_16_14_27_023,0.2,-0.3149181,35497,37991,24.81968,-36.90145,1.79739,6.253,0.001735659,1.901373,0.36,-0.004751423,0.02136942,-0.1739007,0.01221895,-0.01449138,0.05429145,,,
2024_04_20_16_14_27_136,0.2,-0.3149181,35601,38071,24.80769,-36.86373,1.797623,6.253994,0.002818115,1.882394,0.35,0.02825037,0.0123579,-0.1661136,-0.1124144,0.02159923,-0.1094039,,,
2024_04_20_16_14_27_246,0.2,-0.3149181,35703,38149,24.79724,-36.82689,1.797966,6.257058,0.002851166,1.864352,0.35,0.02745443,-0.008296857,-0.1642589,0.02846122,-0.003892928,-0.02926611,,,
2024_04_20_16_14_27_363,0.2,-0.3149181,35811,38233,24.78665,-36.78731,1.797571,6.259543,0.001956585,1.844982,0.35,0.01465258,0.005474083,-0.1681038,-0.3096759,0.002585351,0.9267716,,,
2024_04_20_16_14_27_464,0.2,-0.3263007,35905,38303,24.7781,-36.75344,1.797622,6.261256,0.001465073,1.82802,0.35,0.01611686,-0.002840564,-0.1713875,-0.08118152,0.009916722,0.05041994,,,
2024_04_20_16_14_27_580,0.2,-0.3263007,36011,38382,24.76908,-36.71533,1.798274,6.262033,0.001643008,1.808419,0.33,0.0005032937,-0.0009498339,-0.167497,-0.08296966,0.01807138,-0.03146427,,,
2024_04_20_16_14_27_696,0.2,-0.3945962,36118,38457,24.76069,-36.67763,1.798666,6.261032,0.00164316,1.786151,0.33,-0.01079074,0.005982087,-0.2073186,0.001102686,-8.940696E-05,0.1446567,,,
2024_04_20_16_14_27_796,0.2,-0.3945962,36210,38522,24.75438,-36.64496,1.798597,6.261279,0.001192496,1.765712,0.34,0.009136457,-0.003204353,-0.2064791,0.1019239,-0.01982972,-0.06881915,,,
2024_04_20_16_14_27_897,0.2,-0.4211555,36304,38587,24.74895,-36.61169,1.798274,6.26293,6.283041,1.744098,0.33,0.0179127,-0.009740913,-0.221167,-0.01695752,0.002037734,0.03418314,,,
2024_04_20_16_14_28_013,0.2,-0.4211555,36412,38662,24.74367,-36.57335,1.7979,6.264953,6.281432,1.718567,0.33,0.01674482,-0.009636518,-0.2199409,-0.01773238,0.0002011657,-0.03581436,,,
2024_04_20_16_14_28_137,0.2,-0.4439207,36527,38739,24.73897,-36.533,1.798078,6.2658,6.280775,1.690797,0.32,-0.0001372448,0.00117668,-0.2315458,-0.1138151,0.02333522,0.01075398,,,
2024_04_20_16_14_28_245,0.2,-0.4439207,36625,38803,24.73577,-36.49884,1.798858,6.266519,6.281134,1.66603,0.31,0.008557215,0.009464522,-0.2247874,0.02142787,-0.0003352761,0.08858693,,,
2024_04_20_16_14_28_346,0.2,-0.4439207,36715,38862,24.73363,-36.46738,1.799693,6.267378,6.281713,1.643398,0.31,0.00811279,0.009365611,-0.2235169,0.004827976,0.002346933,-0.04944158,,,
2024_04_20_16_14_28_446,0.2,-0.4439207,36803,38919,24.73231,-36.43686,1.800153,6.268241,6.280829,1.621543,0.3,-0.006516147,-0.0229264,-0.2090209,1.075774,-0.02549588,0.07563573,,,
2024_04_20_16_14_28_564,0.2,-0.4439207,36907,38988,24.73142,-36.40034,1.799774,6.266431,6.276913,1.597262,0.33,-0.02399705,-0.03627165,-0.200666,0.3003478,-0.09291618,-0.04536844,,,
2024_04_20_16_14_28_679,0.2,-0.4439207,37017,39066,24.73166,-36.36064,1.799829,6.265246,6.273715,1.573259,0.35,0.01004047,-0.001970521,-0.2073547,0.08264183,-0.1715198,-0.09971204,,,
2024_04_20_16_14_28_779,0.2,-0.4439207,37114,39135,24.73312,-36.32526,1.800407,6.266795,6.273568,1.552068,0.36,0.003711024,0.004711886,-0.2170178,-0.01475215,0.07049739,0.1643603,,,
2024_04_20_16_14_28_881,0.2,-0.4439207,37212,39205,24.73556,-36.28923,1.800929,6.268542,6.272901,1.530319,0.36,0.01602377,0.008216364,-0.2170994,0.1072586,-0.02817809,-0.01254072,,,
2024_04_20_16_14_28_995,0.2,-0.4439207,37326,39287,24.73935,-36.24755,1.80149,6.270735,6.273345,1.505175,0.37,0.01702445,0.001706064,-0.2162726,0.007003545,0.01204759,0.04572316,,,
2024_04_20_16_14_29_096,0.2,-0.4439207,37427,39359,24.74357,-36.21097,1.801969,6.272589,6.273203,1.483318,0.37,0.01592349,0.0006480562,-0.2164556,-0.005990266,-0.0002756715,-0.03151689,,,
2024_04_20_16_14_29_197,0.2,-0.4439207,37527,39430,24.74851,-36.17471,1.802336,6.274077,6.272736,1.461578,0.37,-0.001814399,-0.01647735,-0.221577,-0.01481175,0.06645918,-0.05907751,,,
2024_04_20_16_14_29_312,0.2,-0.4439207,37642,39513,24.75512,-36.13283,1.802776,6.275702,6.272141,1.436313,0.36,0.01797792,0.002768376,-0.2169026,-0.001907349,-0.004179776,-0.102922,,,
2024_04_20_16_14_29_413,0.2,-0.4439207,37742,39585,24.76185,-36.09688,1.803306,6.277817,6.270771,1.414621,0.36,0.01748522,-0.01576838,-0.212634,-0.07459521,0.0007599592,0.1221523,,,
2024_04_20_16_14_29_534,0.2,-0.4439207,37863,39670,24.7707,-36.05429,1.803592,6.278964,6.267791,1.388431,0.35,-0.000553567,-0.02208535,-0.2198362,0.04127621,-0.01018494,0.1198568,,,
2024_04_20_16_14_29_645,0.2,-0.4439207,37971,39747,24.77946,-36.01561,1.803689,6.279254,6.267599,1.363941,0.37,0.0008571926,0.01488717,-0.2278156,0.1449287,-0.03670156,-0.04112254,,,
2024_04_20_16_14_29_746,0.2,-0.4439207,38074,39820,24.78877,-35.97917,1.804066,6.280657,6.269415,1.340407,0.38,0.02340468,0.02982819,-0.2334464,0.038445,-0.03740191,0.0342303,,,
2024_04_20_16_14_29_862,0.2,-0.4439207,38192,39903,24.80108,-35.93737,1.805229,0.001977663,6.274198,1.313427,0.38,0.03945757,0.04399193,-0.2337329,0.02431869,-0.01120567,-0.06683496,,,
2024_04_20_16_14_29_973,0.2,-0.4439207,38309,39986,24.81446,-35.89617,1.80623,0.006051767,6.277667,1.286908,0.38,0.01896638,0.0002970234,-0.2271954,-0.1197755,0.04720687,-0.01409813,,,
2024_04_20_16_14_30_080,0.2,-0.4856569,38415,40060,24.82718,-35.85965,1.806767,0.008056062,6.277819,1.262222,0.37,0.01833507,-0.0003756443,-0.2425294,-0.08511543,0.005796551,-0.07591024,,,
2024_04_20_16_14_30_195,0.2,-0.4856569,38532,40141,24.84229,-35.82038,1.806914,0.01183562,6.277938,1.234826,0.37,0.03241703,-0.0008662902,-0.2387209,-0.01186132,-0.0102371,0.04106411,,,
2024_04_20_16_14_30_295,0.2,-0.4856569,38633,40211,24.85632,-35.78656,1.807045,0.01515925,6.278145,1.210923,0.37,0.03058161,0.0001460668,-0.2385914,0.3467202,0.01317263,-0.9398634,,,
2024_04_20_16_14_30_396,0.2,-0.4856569,38735,40282,24.87163,-35.75241,1.807015,0.01895851,6.280116,1.186537,0.38,0.03854594,0.02699636,-0.2449811,0.1141429,-0.06026029,-0.03659818,,,
2024_04_20_16_14_30_498,0.2,-0.4856569,38839,40352,24.88729,-35.71842,1.807288,0.02124883,6.282861,1.159369,0.36,0.01315692,0.01683835,-0.2768555,-0.2275705,0.05455315,-0.1455569,,,
2024_04_20_16_14_30_612,0.2,-0.4856569,38951,40425,24.90457,-35.68263,1.807554,0.02315033,0.002121573,1.128245,0.34,0.01965094,0.01490901,-0.268658,-0.07474422,0.007346272,0.08476525,,,
2024_04_20_16_14_30_713,0.2,-0.4856569,39047,40488,24.92035,-35.65209,1.807699,0.0252228,0.004413878,1.100966,0.34,0.02245517,0.01715025,-0.2676863,-0.01206994,0.002607703,-0.02089049,,,
2024_04_20_16_14_30_829,0.2,-0.4856569,39155,40559,24.93897,-35.6185,1.807864,0.02776612,0.007281871,1.070202,0.33,0.02468571,0.0186095,-0.2684792,0.0007748603,-0.001862645,0.04931865,,,
2024_04_20_16_14_30_934,0.2,-0.4856569,39255,40624,24.95709,-35.58791,1.808053,0.02857359,0.009914147,1.041706,0.33,-0.0003801612,0.01988844,-0.2723685,0.0372231,0.02110004,-0.02923654,,,
2024_04_20_16_14_31_046,0.2,-0.4856569,39359,40692,24.97648,-35.55656,1.807849,0.02746624,0.0119501,1.011405,0.34,-0.005151687,0.004466504,-0.2762024,-0.04270672,0.001430511,0.1040948,,,
2024_04_20_16_14_31_162,0.2,-0.4856569,39469,40764,24.9983,-35.52412,1.807516,0.02774375,0.0145778,0.9800305,0.34,0.00763826,0.01668457,-0.2710953,-0.04917383,-0.008240342,0.2018036,,,
2024_04_20_16_14_31_264,0.2,-0.4856569,39567,40827,25.01843,-35.49599,1.80736,0.02776878,0.01784296,0.9522591,0.34,0.008292109,0.03408206,-0.2731235,0.001996756,0.0666827,0.06260723,,,
2024_04_20_16_14_31_380,0.2,-0.4856569,39676,40898,25.0422,-35.46493,1.807957,0.02796532,0.02258241,0.9208806,0.34,0.007184757,0.033591,-0.2757145,0.006973743,0.007137656,0.1129494,,,
2024_04_20_16_14_31_496,0.2,-0.4856569,39785,40971,25.06708,-35.4345,1.808513,0.02869982,0.02660742,0.8890606,0.33,0.03317952,0.007432051,-0.2653408,-0.1979768,0.01455843,0.03734138,,,
2024_04_20_16_14_31_596,0.2,-0.4856569,39879,41033,25.08915,-35.40961,1.808774,0.03076164,0.02794307,0.8626666,0.33,0.02030244,0.002616844,-0.2600961,-0.0166893,0.008568168,-0.1001423,,,
2024_04_20_16_14_31_710,0.2,-0.4856569,39986,41103,25.11486,-35.38216,1.808687,0.0325401,0.0291252,0.8332397,0.33,0.02599486,0.0005875267,-0.2532764,0.04190206,-0.003516674,-0.1559048,,,
2024_04_20_16_14_31_811,0.2,-0.4856569,40080,41165,25.13842,-35.35839,1.808442,0.03360696,0.03070228,0.8070656,0.34,0.01625805,0.008703735,-0.262948,-0.007033348,-0.01688302,0.00695372,,,
2024_04_20_16_14_31_914,0.2,-0.4856569,40176,41228,25.16294,-35.33474,1.808105,0.03411563,0.03243854,0.7802774,0.34,0.0007926514,0.009365093,-0.2692502,0.1006126,0.06812811,-0.07160474,,,
2024_04_20_16_14_32_029,0.2,-0.4856569,40288,41302,25.19224,-35.30748,1.807258,0.03282612,0.03444907,0.7486284,0.35,-0.007942412,0.002610719,-0.2755789,0.06270409,0.001475215,0.02942234,,,
2024_04_20_16_14_32_145,0.2,-0.4856569,40403,41377,25.2229,-35.28084,1.806026,0.03167031,0.03669003,0.7166992,0.35,0.006468709,0.01687028,-0.2753369,0.07522106,-0.00141561,-0.01884438,,,
2024_04_20_16_14_32_264,0.2,-0.4856569,40521,41453,25.25536,-35.25459,1.804724,0.03065938,0.04014011,0.6838726,0.36,-0.004509315,0.02582332,-0.2848841,0.08592009,-0.009462237,0.165943,,,
2024_04_20_16_14_32_379,0.2,-0.4856569,40639,41529,25.28854,-35.22932,1.803559,0.02843937,0.04442918,0.6506699,0.36,-0.009767327,0.02893355,-0.2889378,-0.0590682,0.01256168,0.1423955,,,
2024_04_20_16_14_32_496,0.2,0,40751,41616,25.32343,-35.20425,1.802458,0.02699114,0.04901181,0.6350158,0.39,-0.01128105,0.0428173,-0.005571564,0.2894998,0.008329749,0.2116896,,,
2024_04_20_16_14_32_597,0.2,0,40845,41707,25.35582,-35.18034,1.801346,0.02471094,0.05460648,0.6351969,0.43,-0.01957995,0.0565011,0.004624485,0.3023148,-0.008791685,-0.1872405,,,
2024_04_20_16_14_32_712,0.2,0,40961,41820,25.39613,-35.1507,1.799909,0.02183153,0.06081472,0.6359618,0.44,-0.01741906,0.0620802,0.005331796,0.05945563,-0.04176795,0.2203211,,,
2024_04_20_16_14_32_812,0.2,0,41062,41919,25.4317,-35.12489,1.798769,0.02100169,0.06663223,0.6369227,0.44,-0.005711795,0.05727013,0.009093384,-0.03728271,-0.001639128,0.08269771,,,
2024_04_20_16_14_32_933,0.2,0,41185,42041,25.47542,-35.0933,1.797591,0.02149171,0.07313188,0.6380827,0.44,0.02290151,0.03824549,0.006875119,-0.1652241,-0.01645088,0.04282966,,,
2024_04_20_16_14_33_040,0.2,0,41293,42146,25.51288,-35.06676,1.796868,0.02395034,0.07586315,0.6391107,0.41,0.03296631,-0.01122309,0.02170589,-0.4909932,-0.05531311,0.03750063,,,
2024_04_20_16_14_33_143,0.2,0,41389,42240,25.54597,-35.04341,1.796338,0.02714187,0.0747608,0.6410282,0.38,0.02758364,-0.01169066,0.01910318,-0.1642406,0.02594292,0.02172775,,,
2024_04_20_16_14_33_247,0.2,0,41481,42329,25.57699,-35.02131,1.795328,0.02987747,0.07242014,0.6428871,0.37,0.02231901,-0.0263887,0.01919004,-0.1092851,-0.0007003545,-0.02285652,,,
2024_04_20_16_14_33_347,0.2,0,41573,42418,25.60767,-34.99905,1.794288,0.03080319,0.06754498,0.64447,0.36,0.004195601,-0.06357761,0.01505172,-0.1450181,-0.006183981,0.02240389,,,
2024_04_20_16_14_33_462,0.2,0,41677,42519,25.64196,-34.97416,1.792837,0.03129907,0.05929313,0.646101,0.36,0.009372151,-0.091295,0.023233,0.004261732,-0.03354251,0.137832,,,
2024_04_20_16_14_33_563,0.2,0,41767,42607,25.67165,-34.95271,1.790365,0.03169109,0.04943962,0.6481079,0.36,0.001448901,-0.09956634,0.02253882,0.01496076,-0.008106232,0.119159,,,
2024_04_20_16_14_33_678,0.2,0,41872,42712,25.70662,-34.92717,1.786735,0.03364265,0.03768011,0.6496558,0.37,0.005693721,-0.07924593,-0.001681614,0.2181232,0.1089871,-0.05100201,,,
2024_04_20_16_14_33_779,0.2,0,41965,42804,25.73755,-34.90382,1.78346,0.03391482,0.02959586,0.6484547,0.38,0.0008512372,-0.08199594,-0.01638685,0.05328655,0.00680983,-0.07191952,,,
2024_04_20_16_14_33_880,0.2,0,42060,42898,25.76887,-34.88006,1.779874,0.03384505,0.02116011,0.646501,0.39,0.002357415,-0.08268668,-0.01400633,0.1333952,-0.0102371,-0.08187908,,,
2024_04_20_16_14_33_990,0.2,0,42170,43007,25.80519,-34.85228,1.774561,0.0330477,0.01023412,0.6447065,0.4,-0.01639289,-0.08837974,0.001581117,-0.02324581,0.1776516,0.2841242,,,
2024_04_20_16_14_34_096,0.2,0,42271,43107,25.83891,-34.82721,1.770386,0.03157018,0.001045222,0.6455833,0.4,-0.00901555,-0.09407217,0.01776442,-0.08416175,-0.01834333,0.1031328,,,
2024_04_20_16_14_34_213,0.2,0,42385,43220,25.87706,-34.7991,1.765802,0.03065352,6.27433,0.6473351,0.4,-0.009374988,-0.08243275,0.018781,-0.02086162,0.008538365,0.09185448,,,
2024_04_20_16_14_34_333,0.2,0,42505,43340,25.91747,-34.76907,1.761776,0.03049426,6.265576,0.6491135,0.4,0.01333928,-0.05626265,0.01502649,-0.04154443,-0.003531575,0.02670288,,,
2024_04_20_16_14_34_445,0.2,0,42608,43443,25.95296,-34.74313,1.760381,0.03196752,6.261849,0.6505016,0.39,0.02496949,-0.007111605,0.00914343,-0.1842379,0.008285046,0.182807,,,
2024_04_20_16_14_34_545,0.2,0,42696,43532,25.98364,-34.72078,1.760488,0.03483788,6.261276,0.6511594,0.37,0.03695818,-0.006855309,0.005879565,-0.09477138,-0.02811849,0.03038905,,,
2024_04_20_16_14_34_662,0.2,0,42797,43634,26.01882,-34.69509,1.760746,0.03876018,6.26077,0.6515487,0.37,0.007919708,0.02140996,-0.001231284,-0.1897216,0.2446622,0.03929087,,,
2024_04_20_16_14_34_763,0.2,0,42881,43717,26.04775,-34.67359,1.762595,0.03992771,6.263327,0.6517757,0.35,0.01652941,0.02919518,0.00353601,-0.1193285,0.005245208,0.02677692,,,
2024_04_20_16_14_34_878,0.2,0,42973,43808,26.07957,-34.65021,1.765245,0.04135197,6.267262,0.6522827,0.34,0.008043335,0.03834981,0.003840327,-0.05829334,0.002726912,0.1584599,,,
2024_04_20_16_14_34_979,0.2,0,43053,43885,26.10684,-34.63007,1.767752,0.04176209,6.271418,0.6526907,0.34,0.001476918,0.04357679,0.0009837495,0.03471971,-0.001385808,0.01374632,,,
2024_04_20_16_14_35_079,0.2,0,43133,43963,26.13403,-34.61002,1.769991,0.04197781,6.27571,0.6532415,0.35,0.003598619,0.04272521,0.004636737,0.05415082,0.004157424,-0.0145752,,,
2024_04_20_16_14_35_195,0.2,0,43228,44055,26.1662,-34.58592,1.771501,0.0398313,6.278362,0.6539243,0.35,-0.01893315,0.02322365,0.005333435,-0.0295341,-0.009268522,-0.4255473,,,
2024_04_20_16_14_35_312,0.2,0,43326,44148,26.19878,-34.56137,1.772868,0.03809439,6.281321,0.6547648,0.35,-0.006799004,0.01491956,0.005986471,0.1371801,-0.05021691,-0.1579202,,,
2024_04_20_16_14_35_428,0.2,0,43426,44244,26.23199,-34.5365,1.773425,0.03767467,6.282571,0.6557549,0.37,-0.0007783392,0.008832106,0.01076377,0.06702542,-0.01645088,-0.1714053,,,
2024_04_20_16_14_35_534,0.2,0,43520,44334,26.26352,-34.5132,1.774158,0.03854074,0.00053785,0.6567557,0.37,0.008244663,0.01100702,0.004418612,-0.0205636,0.04826486,-0.09016319,,,
2024_04_20_16_14_35_646,0.2,0,43616,44426,26.29571,-34.48896,1.775064,0.03938709,0.002225714,0.6571723,0.37,-0.003189481,0.02557172,-0.00330973,0.09554624,0.02463162,0.1759888,,,
2024_04_20_16_14_35_746,0.2,0,43705,44512,26.32565,-34.46611,1.775654,0.0386414,0.004583632,0.6568772,0.38,-0.006726176,0.02425247,-0.004306199,0.08127093,-0.008553267,0.1716046,,,
2024_04_20_16_14_35_861,0.2,0,43808,44611,26.36025,-34.43968,1.776314,0.03793087,0.007480063,0.6565113,0.38,-0.006846346,0.02459689,-0.004382657,-0.007420778,0.01503527,0.2459302,,,
2024_04_20_16_14_35_963,0.2,0,43900,44699,26.39123,-34.4161,1.776903,0.03798253,0.01037344,0.6563249,0.38,0.01307086,0.017457,0.004107041,-0.1019537,-0.08435547,-0.1387917,,,
2024_04_20_16_14_36_080,0.2,0,44004,44800,26.42625,-34.38998,1.777337,0.03943822,0.01133066,0.6570104,0.38,0.01463567,0.003137846,0.007203345,0.01531839,-0.003114342,-0.1181634,,,
2024_04_20_16_14_36_195,0.2,0,44107,44900,26.46113,-34.3643,1.777837,0.04171576,0.01223102,0.6579078,0.37,0.01967932,0.008535265,0.007002702,0.005275011,0.01065433,-0.05032541,,,
2024_04_20_16_14_36_296,0.2,0,44196,44987,26.49148,-34.34196,1.778289,0.04361033,0.01315127,0.6585444,0.37,0.0123592,0.01488219,0.001111153,0.03039837,0.02509355,-0.05682231,,,
2024_04_20_16_14_36_413,0.2,0,44298,45088,26.52653,-34.31568,1.778829,0.0446431,0.01534547,0.658613,0.38,0.007731624,0.02041724,-0.001831725,0.01507997,0.001624226,0.01123967,,,
2024_04_20_16_14_36_537,0.2,0,44406,45195,26.5637,-34.2877,1.778967,0.04532008,0.01764997,0.6587494,0.38,0.0001068163,0.01352607,-0.001171924,0.04017353,0.05280971,0.05196035,,,
2024_04_20_16_14_36_646,0.2,-0.07208968,44504,45290,26.59699,-34.26239,1.778854,0.0450527,0.01943009,0.6567078,0.39,-0.00531433,0.0192662,-0.04275369,-0.02303719,-0.04673004,-0.06372202,,,
2024_04_20_16_14_36_761,0.2,-0.11762,44612,45389,26.63279,-34.23572,1.778622,0.04494563,0.02140076,0.6499066,0.39,0.002358773,0.01292184,-0.06938988,0.074476,-0.006318092,-0.1475457,,,
2024_04_20_16_14_36_862,0.2,-0.1479736,44707,45474,26.66422,-34.21282,1.778332,0.04510543,0.02233683,0.642038,0.38,-0.01134292,-0.002443394,-0.0954868,-0.1136362,0.1125485,0.0508679,,,
2024_04_20_16_14_36_962,0.2,-0.1593561,44800,45557,26.6947,-34.19046,1.778312,0.04407638,0.02287436,0.6323889,0.38,-0.002564677,0.006605259,-0.09688271,-0.03448129,-0.009328127,-0.139365,,,
2024_04_20_16_14_37_062,0.2,-0.1745329,44893,45639,26.72526,-34.16877,1.778178,0.04378716,0.02331041,0.6220286,0.37,-0.007448932,-0.02041541,-0.1045878,0.056535,0.06318092,0.003433786,,,
2024_04_20_16_14_37_179,0.2,-0.1897097,45003,45736,26.76158,-34.14355,1.77721,0.0421131,0.02241928,0.6094111,0.38,-0.01346154,0.0003139623,-0.1129966,0.08520483,0.01300871,0.2554292,,,
2024_04_20_16_14_37_279,0.2,-0.2124749,45099,45817,26.79325,-34.1222,1.776376,0.04031653,0.02298329,0.5969731,0.38,-0.01513111,0.0003909958,-0.1279082,0.01358986,-0.01491606,0.09020045,,,
2024_04_20_16_14_37_395,0.2,-0.2238574,45211,45912,26.83052,-34.09779,1.775747,0.03979615,0.02461177,0.5812807,0.39,0.01403055,0.01424417,-0.1383188,0.03960728,-0.01189113,0.06083771,,,
2024_04_20_16_14_37_496,0.2,-0.2428284,45309,45995,26.86356,-34.07719,1.775355,0.04002199,0.02746099,0.5659878,0.39,0.009543354,0.01911628,-0.1550735,0.01499057,-0.1150668,0.09817071,,,
2024_04_20_16_14_37_596,0.2,-0.2921529,45406,46077,26.8966,-34.0573,1.774953,0.04055941,0.0299698,0.5491955,0.39,0.007724119,0.02148156,-0.1890725,-0.01463294,0.04273653,0.150878,,,
2024_04_20_16_14_37_712,0.2,-0.3111239,45521,46170,26.93504,-34.03516,1.774178,0.03975727,0.0324555,0.5259152,0.39,-0.0005975775,0.01271193,-0.2058201,0.05811452,-0.02783537,-0.1609903,,,
2024_04_20_16_14_37_812,0.2,-0.3187123,45621,46251,26.9685,-34.01632,1.773442,0.03709996,0.03228739,0.504562,0.37,-0.02687088,-0.01871549,-0.2149598,-0.1163483,0.1031458,-0.04631187,,,
2024_04_20_16_14_37_928,0.2,-0.3490658,45735,46340,27.00589,-33.99606,1.772491,0.03433027,0.02992515,0.4777839,0.36,-0.005345628,-0.03888394,-0.2327202,-0.03412366,-0.0004544854,-0.1175534,,,
2024_04_20_16_14_38_045,0.2,-0.3528601,45850,46429,27.04397,-33.97709,1.771396,0.03282719,0.02632648,0.4504332,0.36,-0.002038509,-0.04316038,-0.235194,0.0180006,-0.07202476,-0.0880477,,,
2024_04_20_16_14_38_146,0.2,-0.3528601,45947,46506,27.07679,-33.96178,1.77025,0.03239682,0.02293026,0.4268807,0.36,0.01015099,-0.03699255,-0.2318441,-0.03665686,-0.002160668,0.1372136,,,
2024_04_20_16_14_38_263,0.2,-0.3566543,46060,46593,27.11509,-33.94523,1.769302,0.03311002,0.01933485,0.3994837,0.35,0.02327354,-0.05448332,-0.2439274,0.6145835,-0.3614276,0.4907334,,,
2024_04_20_16_14_38_379,0.2,-0.371831,46187,46686,27.15801,-33.92808,1.76804,0.03592764,0.01390195,0.3665346,0.42,-0.01559387,-0.02722519,-0.3056159,0.52917,0.4306882,0.09678862,,,
2024_04_20_16_14_38_495,0.2,-0.371831,46319,46784,27.20428,-33.91105,1.767194,0.03321068,0.01282168,0.333416,0.39,-0.01002034,-0.02590672,-0.2496598,-0.5283952,0.1152456,0.07172301,,,
2024_04_20_16_14_38_597,0.2,-0.3756252,46422,46860,27.24064,-33.89914,1.766436,0.03085059,0.01193687,0.309111,0.37,-0.02642984,-0.01102575,-0.2356036,-0.1295209,0.0202544,-0.1551737,,,
2024_04_20_16_14_38_712,0.2,-0.3832136,46536,46943,27.28086,-33.88692,1.76539,0.02765853,0.01139466,0.2817145,0.36,-0.008684818,-0.02064911,-0.2373493,0.0346899,0.01332909,0.8132169,,,
2024_04_20_16_14_38_812,0.2,-0.3832136,46634,47015,27.31578,-33.87746,1.764211,0.02723455,0.01000884,0.2576337,0.36,-0.007102998,-0.03043681,-0.2386587,0.008076429,0.1112372,-0.564096,,,
2024_04_20_16_14_38_913,0.2,-0.3832136,46734,47087,27.35121,-33.86873,1.762546,0.02605317,0.007267341,0.233645,0.36,-0.01404653,-0.02965843,-0.2377149,-0.03546476,0.0366345,-0.07936684,,,
2024_04_20_16_14_39_030,0.2,-0.3832136,46849,47172,27.39275,-33.85944,1.760858,0.02414954,0.004578984,0.2060775,0.36,-0.006288979,-0.03781467,-0.2313842,-0.01531839,-0.08391216,0.1177024,,,
2024_04_20_16_14_39_147,0.2,-0.3832136,46965,47256,27.43448,-33.85157,1.758748,0.02339427,0.0008541899,0.1789969,0.36,-0.003066162,-0.03381016,-0.2277255,0.03492832,-0.04665553,0.148546,,,
2024_04_20_16_14_39_263,0.2,-0.3832136,47080,47341,27.47655,-33.84492,1.756813,0.02249359,6.282503,0.1521134,0.37,-0.00757767,-0.0170519,-0.233898,0.05149841,-0.004142523,-0.09185075,,,
2024_04_20_16_14_39_380,0.2,-0.3832136,47194,47425,27.5189,-33.83954,1.756784,0.0236249,0.001500884,0.1245912,0.36,-0.0008636506,0.03142094,-0.2322097,-0.06607175,0.0185594,-0.08139945,,,
2024_04_20_16_14_39_496,0.2,-0.3832136,47303,47508,27.55976,-33.83522,1.757903,0.02334474,0.005547108,0.09791964,0.35,-0.007070411,0.02336785,-0.2318127,-0.07611513,0.02722442,-0.05919207,,,
2024_04_20_16_14_39_611,0.2,-0.3832136,47410,47589,27.59972,-33.83192,1.75896,0.02219532,0.008651857,0.0713397,0.34,-0.01513939,0.01327497,-0.2285999,-0.1145303,0.0440441,0.003230758,,,
2024_04_20_16_14_39_712,0.2,-0.3832136,47500,47659,27.63309,-33.82986,1.759772,0.02090954,0.009996327,0.04885036,0.33,-0.009265514,0.006895134,-0.2216401,-0.09652971,0.008612871,0.05109142,,,
2024_04_20_16_14_39_828,0.2,-0.3832136,47603,47739,27.67146,-33.82837,1.760518,0.01899846,0.01067903,0.02278601,0.33,-0.01233478,0.003043114,-0.2232658,0.1035631,-0.07532164,0.1578717,,,
2024_04_20_16_14_39_940,0.2,-0.3832136,47707,47819,27.71052,-33.82814,1.760949,0.01858034,0.01239361,6.27982,0.35,0.01322738,0.004871571,-0.2365607,0.08893012,-0.06177276,-0.03394857,,,
2024_04_20_16_14_40_062,0.2,-0.3832136,47821,47905,27.75286,-33.82936,1.761255,0.01950553,0.01384955,6.251571,0.36,0.007064146,0.01105032,-0.2370355,0.03677607,0.01638755,-0.2180319,,,
2024_04_20_16_14_40_162,0.2,-0.3832136,47915,47976,27.78804,-33.83094,1.762072,0.01862828,0.01684905,6.227993,0.35,-0.007486895,0.03120488,-0.2318599,0.07358193,-0.01327321,-0.6718808,,,
2024_04_20_16_14_40_278,0.2,-0.3832136,48030,48062,27.83065,-33.83387,1.762813,0.01932017,0.01892881,6.198296,0.4,0.00293603,0.009503888,-0.2854334,0.5837977,-0.008650124,0.02954434,,,
2024_04_20_16_14_40_378,0.2,-0.3832136,48144,48145,27.8732,-33.83752,1.762445,0.01628044,0.02088588,6.167713,0.45,-0.01947018,0.007779639,-0.3231567,0.3237426,-0.1121499,-0.1249891,,,
2024_04_20_16_14_40_477,0.2,-0.3832136,48260,48231,27.91619,-33.84302,1.761742,0.01416056,0.02210388,6.138275,0.41,-0.01567649,0.006924227,-0.2751962,-0.3615319,0.05549565,-0.05263183,,,
2024_04_20_16_14_40_579,0.2,-0.3832136,48367,48312,27.95587,-33.84933,1.761002,0.01183828,0.02323319,6.111396,0.39,-0.0101248,0.001062394,-0.2591824,-0.179857,0.005170702,-0.0158092,,,
2024_04_20_16_14_40_695,0.2,-0.3832136,48486,48401,27.99945,-33.85758,1.760143,0.009905362,0.02375033,6.081929,0.38,-0.01096043,0.00229792,-0.251269,-0.07015467,0.01325458,0.07115723,,,
2024_04_20_16_14_40_795,0.2,-0.3832136,48587,48476,28.03623,-33.86562,1.759398,0.008413991,0.02399072,6.057053,0.37,-0.003656514,-0.004294759,-0.2441866,-0.06496906,0.01128018,-0.01995824,,,
2024_04_20_16_14_40_896,0.2,-0.3832136,48686,48551,28.07243,-33.8745,1.758983,0.007549529,0.0248766,6.032506,0.37,-0.01605984,0.01115867,-0.24678,0.09027123,0.03471226,0.07131603,,,
2024_04_20_16_14_41_013,0.2,-0.3832136,48802,48637,28.11398,-33.88552,1.758108,0.005327387,0.02607085,6.003582,0.37,-0.006319889,0.003186652,-0.2523659,-0.005573034,-0.0103116,0.09753554,,,
2024_04_20_16_14_41_112,0.2,-0.371831,48902,48712,28.14961,-33.89635,1.757155,0.005399826,0.02532096,5.978773,0.37,0.00745216,0.007173799,-0.2385132,-0.1181066,-0.02771616,0.3272248,,,
2024_04_20_16_14_41_228,0.2,-0.3300949,49015,48799,28.1902,-33.90977,1.756935,0.004244014,0.02655812,5.952414,0.37,-0.0249704,0.002860647,-0.2154588,0.0860691,0.06209313,0.06789481,,,
2024_04_20_16_14_41_332,0.2,-0.2883587,49116,48881,28.22715,-33.92258,1.756327,0.00124849,0.02747469,5.932545,0.38,-0.02186228,0.02230061,-0.186636,0.1176596,0.001445413,0.002384651,,,
2024_04_20_16_14_41_445,0.2,-0.2238574,49226,48972,28.26738,-33.93801,1.75549,0.0008958874,0.02757403,5.914213,0.38,0.002985789,-0.003105749,-0.1375985,-0.03781915,0.07723272,0.04448648,,,
2024_04_20_16_14_41_561,0.2,-0.2238574,49337,49065,28.30809,-33.95428,1.754938,0.0002705772,0.02721452,5.89843,0.37,-0.01274032,-0.01436403,-0.1397676,-0.09998678,0.05869567,0.01663249,,,
2024_04_20_16_14_41_673,0.2,-0.1593561,49443,49157,28.34736,-33.97035,1.75441,6.281549,0.02554752,5.886145,0.37,-0.02512495,-0.003578806,-0.1036707,0.06946921,0.2024919,-0.06263703,,,
2024_04_20_16_14_41_775,0.2,-0.01897097,49535,49242,28.38229,-33.98474,1.753941,6.278662,0.02520924,5.878472,0.38,-0.02839997,-0.004049175,-0.02457226,0.08064508,0.1005679,-0.08536595,,,
2024_04_20_16_14_41_877,0.2,0.003794194,49625,49332,28.41803,-33.99947,1.753491,6.276078,0.02470965,5.877019,0.38,-0.008999352,-0.008051065,-0.004081759,0.003606081,-0.03147125,0.04463829,,,
2024_04_20_16_14_41_994,0.2,0.1631503,49724,49440,28.45869,-34.01652,1.752582,6.276011,0.02304696,5.883678,0.38,-0.001278668,-0.01685255,0.08996979,-0.02560019,0.03384799,0.04377728,,,
2024_04_20_16_14_42_095,0.2,0.2466226,49806,49536,28.4941,-34.03089,1.751695,6.276276,0.02154195,5.894977,0.37,-0.008592764,-0.02426426,0.1352122,-0.1864731,0.3299117,0.2299882,,,
2024_04_20_16_14_42_211,0.2,0.3263007,49894,49650,28.53422,-34.04612,1.750692,6.275511,0.02042119,5.913899,0.37,-0.01007704,-0.009355119,0.1807437,-0.06487966,0.03141165,-0.06560981,,,
2024_04_20_16_14_42_311,0.2,0.3945962,49965,49748,28.56815,-34.05809,1.749846,6.274952,0.01963751,5.934601,0.35,-0.01014919,-0.009770837,0.2158947,-0.04008412,-0.01811981,0.0338885,,,
2024_04_20_16_14_42_428,0.2,0.3945962,50046,49862,28.60759,-34.07112,1.748845,6.275462,0.01933435,5.960199,0.36,0.00872777,-0.007444004,0.2221829,0.04473328,-0.01541525,0.023745,,,
2024_04_20_16_14_42_545,0.2,0.3945962,50127,49975,28.64722,-34.08337,1.74797,6.277215,0.01888544,5.986083,0.36,0.01630341,-1.63638E-05,0.2243138,-0.0527203,-0.01143291,-0.112561,,,
2024_04_20_16_14_42_645,0.2,0.3945962,50197,50074,28.6817,-34.09328,1.747478,6.279258,0.01898324,6.00865,0.35,0.01595951,-0.0002024304,0.2225825,-0.04017353,-6.332994E-05,-0.05972758,,,
2024_04_20_16_14_42_761,0.2,0.3945962,50277,50186,28.72162,-34.10354,1.746681,6.279271,0.01955851,6.034382,0.36,-0.004784242,0.002084946,0.2234997,0.07024407,0.008501112,-0.05297502,,,
2024_04_20_16_14_42_879,0.2,0.3945962,50359,50302,28.76317,-34.11311,1.74539,6.2801,0.02095684,6.061181,0.37,0.004546712,0.01463352,0.2332364,0.04962086,0.0131838,-0.001624226,,,
2024_04_20_16_14_42_979,0.2,0.3945962,50430,50400,28.79922,-34.12045,1.745371,6.279827,0.02445319,6.084525,0.37,-0.01019639,0.04393037,0.232439,-0.09393691,-0.005651265,0.1599672,,,
2024_04_20_16_14_43_095,0.2,0.3945962,50511,50512,28.84014,-34.12727,1.746007,6.277599,0.02630477,6.110603,0.34,-0.0272199,0.000210993,0.2152697,-0.1787245,-0.02952292,0.01876801,,,
2024_04_20_16_14_43_211,0.2,0.3945962,50587,50619,28.87883,-34.13264,1.746216,6.275827,0.02579194,6.134897,0.33,-0.01665376,-0.009388489,0.2050298,-0.04488229,-0.005561858,-0.07506274,,,
2024_04_20_16_14_43_328,0.2,0.3945962,50664,50727,28.91761,-34.13721,1.746196,6.275259,0.02561212,6.159106,0.34,-0.007241638,0.0002031781,0.209555,0.01004338,0.007402151,0.05270354,,,
2024_04_20_16_14_43_428,0.2,0.3945962,50729,50820,28.95119,-34.14043,1.746017,6.274706,0.02613563,6.179934,0.34,-0.004794173,-0.002056148,0.2091411,-0.03144145,-0.008359551,0.05824212,,,
2024_04_20_16_14_43_529,0.2,0.3945962,50794,50914,28.9849,-34.14304,1.745515,6.275071,0.02646074,6.200902,0.34,0.002207343,0.009252191,0.2128013,0.07474422,0.01395494,-0.005838926,,,
2024_04_20_16_14_43_630,0.2,0.3945962,50861,51010,29.01966,-34.14477,1.744985,6.274079,0.02700611,6.22236,0.35,-0.02181469,0.004560203,0.2138908,-0.002115965,-0.002108514,0.185885,,,
2024_04_20_16_14_43_745,0.2,0.3945962,50940,51123,29.06002,-34.14595,1.744035,6.274565,0.02578213,6.247643,0.35,0.0118145,-0.008904064,0.2222436,0.1232922,-0.03694743,0.04058098,,,
2024_04_20_16_14_43_845,0.2,0.3945962,51008,51221,29.09545,-34.14658,1.743146,6.276214,0.02528096,6.27014,0.36,0.009508718,-0.004933267,0.2266932,0.04687905,0.007659196,-0.08027814,,,
2024_04_20_16_14_43_962,0.2,0.3945962,51089,51335,29.13713,-34.14614,1.742111,6.277889,0.02505969,0.01313631,0.36,0.007574445,-0.002197616,0.2263615,0.02011657,0.009711832,0.03231876,,,
2024_04_20_16_14_44_063,0.2,0.3945962,51159,51435,29.17316,-34.14459,1.741198,6.277841,0.02445061,0.03551698,0.35,-0.003590945,-0.01002128,0.2208887,-0.0333488,-0.04300475,-0.006861053,,,
2024_04_20_16_14_44_178,0.2,0.3945962,51239,51548,29.21405,-34.14188,1.740136,6.278156,0.02334686,0.06100556,0.35,-0.001675893,-0.01108962,0.2188651,-0.05498528,-0.0004172325,0.08564675,,,
2024_04_20_16_14_44_279,0.2,0.3945962,51308,51646,29.24945,-34.13871,1.739115,6.279062,0.02289691,0.08300114,0.36,0.006804519,-0.001500018,0.2217593,0.05826354,0.009786338,0.006778165,,,
2024_04_20_16_14_44_396,0.2,0.3945962,51390,51761,29.29135,-34.13397,1.738199,6.279491,0.02377415,0.1090005,0.36,-0.02193131,0.02581866,0.2207577,-0.01987815,0.001959503,0.09321234,,,
2024_04_20_16_14_44_511,0.2,0.3945962,51471,51873,29.3324,-34.12788,1.738328,6.277045,0.02620488,0.1347325,0.36,-0.03061208,0.01489662,0.2213949,-0.0769496,-0.001832843,0.02980325,,,
2024_04_20_16_14_44_611,0.2,0.3945962,51539,51968,29.36699,-34.12195,1.738554,6.275321,0.0280635,0.1567462,0.35,-0.01922742,0.005447225,0.2219979,0.02992153,-0.013154,-0.008014962,,,
2024_04_20_16_14_44_711,0.2,0.3945962,51607,52063,29.40156,-34.11539,1.738149,6.2739,0.02904264,0.1788467,0.36,-0.02000166,0.01385579,0.2181041,0.1024306,-0.03359094,-0.04065549,,,
2024_04_20_16_14_44_812,0.2,0.3945962,51677,52161,29.43683,-34.10784,1.737664,6.272568,0.03069016,0.200985,0.36,-0.0196482,0.01393359,0.2201452,0.02640486,0.001139939,0.05410751,,,
2024_04_20_16_14_44_928,0.2,0.3945962,51759,52275,29.47754,-34.09822,1.7366,6.272062,0.03163084,0.2267011,0.36,-0.008257624,0.00278327,0.2222143,-0.0102222,-0.0002384186,-0.1555812,,,
2024_04_20_16_14_45_029,0.2,0.3945962,51829,52374,29.51241,-34.08911,1.735596,6.271915,0.03215582,0.248801,0.36,-0.008451574,0.002681865,0.2201471,-0.03242493,-0.0009983778,0.05596503,,,
2024_04_20_16_14_45_145,0.2,0.3945962,51909,52489,29.55266,-34.07747,1.734787,6.271058,0.03339185,0.2744446,0.36,-0.01826533,0.01088086,0.2179615,0.0009238719,-0.001505017,-0.06227381,,,
2024_04_20_16_14_45_245,0.2,0.3945962,51978,52588,29.58706,-34.06678,1.734301,6.271468,0.03567527,0.2971779,0.36,-0.00139974,0.01504303,0.2296578,-0.0847876,0.002518296,-0.006208196,,,
2024_04_20_16_14_45_358,0.2,0.3945962,52056,52700,29.62554,-34.05381,1.733748,6.272409,0.03745763,0.3231533,0.35,0.001464807,0.01159362,0.2266824,-0.006377697,-0.01820922,0.0192225,,,
2024_04_20_16_14_45_463,0.2,0.3945962,52125,52801,29.65968,-34.04151,1.733247,6.273693,0.03895368,0.346179,0.35,0.005159372,0.01222007,0.2223706,0.02533197,-0.005692243,-0.03667455,,,
2024_04_20_16_14_45_578,0.2,0.3945962,52203,52915,29.69788,-34.0267,1.732533,6.275175,0.04028044,0.3720266,0.36,-0.0001906743,-3.83174E-05,0.2181338,0.09569525,0.08913129,-0.08890032,,,
2024_04_20_16_14_45_678,0.2,0.3945962,52272,53014,29.73098,-34.01268,1.731367,6.275968,0.04048048,0.3941516,0.36,-0.001196452,0.0005415622,0.2222882,0.01251697,0.009097159,0.03419165,,,
2024_04_20_16_14_45_794,0.2,0.3756252,52355,53130,29.7696,-33.9951,1.729942,6.277285,0.04029521,0.4189594,0.38,0.02643985,-0.01418477,0.1926364,0.5602837,-0.2038628,-0.2646185,,,
2024_04_20_16_14_45_894,0.2,0.3756252,52435,53236,29.80572,-33.97746,1.728888,6.278279,0.04183849,0.438784,0.42,-0.01501917,0.03087035,0.2021238,0.2318024,0.07632375,-0.07257704,,,
2024_04_20_16_14_46_012,0.2,0.3604484,52531,53363,29.84878,-33.95526,1.727901,6.278157,0.04510397,0.4634417,0.41,-0.0006612549,0.01728856,0.227828,-0.3049374,-0.02689659,0.08661905,,,
2024_04_20_16_14_46_128,0.2,0.3604484,52621,53485,29.88929,-33.93357,1.726779,6.278717,0.04656043,0.4892477,0.38,-0.007655972,0.00580618,0.2142642,-0.1404285,-0.009313226,0.1340397,,,
2024_04_20_16_14_46_228,0.2,0.3414775,52697,53586,29.92233,-33.91482,1.725677,6.279115,0.04744665,0.5102707,0.38,-0.0009549018,0.01345753,0.2044988,0.0115633,-0.01394749,-0.03471505,,,
2024_04_20_16_14_46_345,0.2,0.3414775,52785,53704,29.96062,-33.89204,1.72425,6.279778,0.0494814,0.5340735,0.39,0.00261988,0.01024344,0.2048898,0.03615022,-0.01895428,0.04267692,,,
2024_04_20_16_14_46_459,0.2,0.3263007,52875,53822,29.99864,-33.86835,1.722359,6.281687,0.05038296,0.5579109,0.39,0.008869435,0.004754957,0.1984717,0.004798174,-0.03996491,-0.06091408,,,
2024_04_20_16_14_46_561,0.2,0.3225065,52953,53924,30.03108,-33.84718,1.721046,6.282611,0.05092431,0.5774426,0.38,-0.01324169,0.003019656,0.1945512,-0.0191927,0.05348026,-0.3615096,,,
2024_04_20_16_14_46_661,0.2,0.3225065,53031,54024,30.06278,-33.82557,1.719674,6.282128,0.0508903,0.5972277,0.38,-0.01478882,-0.0007708218,0.1996761,-0.003665685,-0.005021691,-0.1518731,,,
2024_04_20_16_14_46_762,0.2,0.2959471,53110,54124,30.09423,-33.80346,1.718305,6.282215,0.05132082,0.6169831,0.39,-0.008833837,0.007794492,0.1888576,0.01689792,0.08536875,0.2400624,,,
2024_04_20_16_14_46_879,0.2,0.2959471,53205,54241,30.13074,-33.77661,1.716499,6.282612,0.05229404,0.6395917,0.39,0.002426747,0.002384921,0.1985506,0.04598498,-0.03893673,0.0222791,,,
2024_04_20_16_14_46_990,0.2,0.273182,53302,54358,30.1668,-33.74929,1.71414,0.001764611,0.05215513,0.6624815,0.4,0.01185422,-0.00187163,0.1886223,0.08234381,-0.03175437,-0.2923114,,,
2024_04_20_16_14_47_095,0.2,0.273182,53389,54462,30.19891,-33.72389,1.712092,0.003860518,0.05182591,0.6818587,0.4,0.01086188,-0.00299101,0.1907705,0.02029538,-0.009655952,-0.037889,,,
2024_04_20_16_14_47_211,0.2,0.2428284,53492,54581,30.23522,-33.69397,1.709835,0.006081595,0.05135095,0.701867,0.41,0.0107982,-0.0031478,0.1712638,-0.007271766,0.003769994,-0.02290867,,,
2024_04_20_16_14_47_333,0.2,0.1745329,53602,54706,30.27327,-33.66146,1.70786,0.005971872,0.0497442,0.7195968,0.43,-0.04537872,-0.0441968,0.1497183,0.513196,0.05245208,-0.07908697,,,
2024_04_20_16_14_47_444,0.2,0.1214142,53716,54835,30.31214,-33.62699,1.705235,0.002775546,0.0452819,0.7363081,0.48,-0.01618775,-0.03386146,0.1275531,0.267446,-0.1495183,-0.0248542,,,
2024_04_20_16_14_47_545,0.2,0.07967807,53825,54954,30.34874,-33.59441,1.702447,0.002441054,0.04268829,0.7469586,0.5,-0.002597354,-0.02086342,0.098473,0.1336634,-0.03990531,-0.09390711,,,
2024_04_20_16_14_47_661,0.2,0.01517678,53954,55086,30.39118,-33.55648,1.700557,0.006679741,0.044167,0.7528133,0.47,0.05654708,0.02531962,0.02152074,-0.4882812,-0.03015995,-0.2016071,,,
2024_04_20_16_14_47_762,0.2,-0.07588388,54059,55189,30.42488,-33.52634,1.699693,0.01038047,0.04615722,0.753714,0.46,0.02671021,0.01276073,-0.02544097,0.1645982,-0.1524538,0.02217293,,,
2024_04_20_16_14_47_874,0.2,-0.1214142,54188,55307,30.46507,-33.49094,1.698466,0.01333924,0.04766041,0.7474295,0.47,0.01383851,-0.01301729,-0.06062508,0.09280442,0.0731945,0.02388749,,,
2024_04_20_16_14_47_979,0.2,-0.2390342,54305,55412,30.50121,-33.45912,1.696239,0.01429265,0.0468091,0.7390836,0.47,0.02623658,0.0001875395,-0.1344386,0.04601478,-0.2845824,0.0464078,,,
2024_04_20_16_14_48_095,0.2,-0.3149181,54441,55520,30.54156,-33.42495,1.693507,0.0154458,0.04522061,0.7161826,0.42,0.01816604,-0.04340877,-0.2024146,-0.5345047,0.06051361,-0.07002614,,,
2024_04_20_16_14_48_197,0.2,-0.3149181,54550,55604,30.57328,-33.39909,1.691332,0.01645674,0.04139654,0.6966196,0.39,0.02434061,-0.03278594,-0.1843197,-0.16132,-0.0526905,0.02356246,,,
2024_04_20_16_14_48_311,0.2,-0.4287439,54670,55691,30.60796,-33.37209,1.688998,0.01759497,0.03891205,0.6704646,0.37,0.01960569,-0.02375378,-0.2543043,-0.1087785,0.01183152,-0.02094358,,,
2024_04_20_16_14_48_428,0.2,-0.4287439,54790,55774,30.64275,-33.34661,1.686707,0.01856703,0.03673091,0.6410064,0.37,0.01420864,-0.02028934,-0.2491902,0.006258487,0.03819168,-0.02320949,,,
2024_04_20_16_14_48_545,0.2,-0.4287439,54909,55857,30.67807,-33.32214,1.684417,0.01874226,0.03536661,0.6115475,0.37,0.003414585,-0.008203092,-0.2581067,0.001072884,-0.02598762,0.2654213,,,
2024_04_20_16_14_48_660,0.2,-0.4287439,55026,55939,30.71375,-33.29853,1.682149,0.01804132,0.03498344,0.5812834,0.37,0.0005043754,-0.01017005,-0.2683653,0.01856685,0.000834465,0.03880542,,,
2024_04_20_16_14_48_762,0.2,-0.4287439,55130,56011,30.74558,-33.27839,1.680369,0.01615261,0.03509282,0.5536653,0.37,-0.01995206,0.004834322,-0.2801505,0.07146597,-0.007018446,-0.0806367,,,
2024_04_20_16_14_48_878,0.2,-0.4249497,55249,56094,30.78326,-33.25615,1.678954,0.01323005,0.03722956,0.5221937,0.37,-0.005689075,0.006437226,-0.2531264,-0.09238719,0.02816319,-0.09669735,,,
2024_04_20_16_14_48_995,0.2,-0.3983904,55367,56177,30.8212,-33.2357,1.677675,0.01152616,0.03826377,0.4945932,0.37,-0.005871786,0.005349334,-0.2256623,-0.03635883,0.02457946,0.1521287,,,
2024_04_20_16_14_49_111,0.2,-0.3225065,55481,56263,30.85967,-33.21645,1.676259,0.01092588,0.03873936,0.4720794,0.38,0.006065163,-0.009097986,-0.1795901,0.06714463,-0.007472932,-0.07615238,,,
2024_04_20_16_14_49_228,0.2,-0.2428284,55597,56357,30.90025,-33.19708,1.67449,0.01050724,0.03907894,0.4523693,0.39,0.00799775,0.007018793,-0.1488217,0.004887581,0.05085766,-0.1267148,,,
2024_04_20_16_14_49_329,0.2,-0.1669445,55695,56443,30.9363,-33.18037,1.673246,0.01066916,0.04009295,0.4398615,0.4,0.0003688815,0.01393753,-0.1063141,0.03474951,0.04342198,0.03153086,,,
2024_04_20_16_14_49_444,0.2,-0.04553033,55804,56548,30.97809,-33.16138,1.671841,0.01240128,0.04248756,0.4324856,0.4,0.01903695,0.01425818,-0.03575091,0.17941,0.008299947,0.08960626,,,
2024_04_20_16_14_49_543,0.2,0.01897097,55898,56644,31.01536,-33.1445,1.670199,0.01371794,0.04460403,0.4309261,0.42,0.0177828,0.02426251,0.009077396,0.01332164,-0.06203353,-0.004595146,,,
2024_04_20_16_14_49_661,0.2,0.09106066,56004,56761,31.0591,-33.12469,1.668773,0.01544314,0.04707901,0.4351195,0.41,-0.007343152,0.02986416,0.05472319,-0.05301833,0.06048381,-0.08809286,,,
2024_04_20_16_14_49_761,0.2,0.1972981,56090,56862,31.09557,-33.10753,1.668109,0.01533874,0.04878444,0.444326,0.4,-0.009904956,0.01446522,0.119512,-0.01722574,0.0423789,-0.03790576,,,
2024_04_20_16_14_49_861,0.2,0.2580052,56173,56964,31.13147,-33.08997,1.667183,0.01506177,0.05006525,0.4577819,0.4,2.03154E-05,0.01679279,0.1534607,-0.1538396,0.1082569,0.3357287,,,
2024_04_20_16_14_49_977,0.2,0.3452717,56264,57083,31.17134,-33.06919,1.666669,0.01600773,0.05200036,0.4785296,0.38,-0.003521306,0.01955735,0.1981876,-0.1166165,0.02996623,0.09274016,,,
2024_04_20_16_14_50_078,0.2,0.4021845,56338,57185,31.20446,-33.05087,1.666025,0.01619735,0.05326143,0.5003776,0.37,-0.0144594,0.01451415,0.2282485,-0.0411272,0.009298325,0.05474034,,,
2024_04_20_16_14_50_178,0.2,0.5008336,56406,57286,31.23601,-33.03244,1.665139,0.01672891,0.05468863,0.526867,0.36,-0.005570009,0.01330493,0.290626,-0.06598234,0.05812943,-0.06418582,,,
2024_04_20_16_14_50_295,0.2,0.5235988,56483,57404,31.27149,-33.01018,1.663588,0.01769724,0.0558663,0.5615467,0.36,-0.01050804,0.01665628,0.3050324,-0.04422664,0.01235306,-0.07674377,,,
2024_04_20_16_14_50_396,0.2,0.5235988,56546,57503,31.30074,-32.9906,1.662315,0.01840457,0.05725376,0.5922364,0.35,-0.004679069,0.02766617,0.3118662,0.06178021,-0.01811981,-0.01726672,,,
2024_04_20_16_14_50_505,0.2,0.5235988,56618,57616,31.33324,-32.96759,1.660745,0.0206379,0.05906813,0.6282317,0.36,0.0053853,0.01825314,0.3249521,-0.005096197,-0.004857779,0.01140684,,,
2024_04_20_16_14_50_611,0.2,0.5235988,56685,57719,31.36246,-32.94547,1.659239,0.02258414,0.06080733,0.6621332,0.36,-0.007645139,0.03008703,0.332123,0.1363754,0.02561509,-0.1649177,,,
2024_04_20_16_14_50_712,0.2,0.5235988,56753,57823,31.39095,-32.92224,1.65766,0.02396472,0.06287535,0.6963713,0.37,-0.005182577,0.0174671,0.3411326,0.04610419,-0.02524257,-0.08076429,,,
2024_04_20_16_14_50_829,0.2,0.5235988,56832,57944,31.4234,-32.8938,1.655554,0.02538259,0.06435649,0.7362543,0.37,-0.01507632,0.02513301,0.3397301,-0.006645917,-0.004276633,-0.0993926,,,
2024_04_20_16_14_50_931,0.2,0.5235988,56900,58049,31.45041,-32.86868,1.653868,0.02698634,0.06462526,0.7713659,0.36,-0.01000211,0.009231176,0.3499474,-0.05257129,0.02533197,0.1245271,,,
2024_04_20_16_14_51_046,0.2,0.5235988,56977,58167,31.47961,-32.83949,1.651856,0.02835521,0.06454495,0.8119829,0.36,-0.01277717,0.007760216,0.3546286,-0.02583861,0.00795722,0.02221111,,,
2024_04_20_16_14_51_162,0.2,0.5235988,57055,58286,31.50785,-32.80879,1.649571,0.0298029,0.06348624,0.8533428,0.36,-0.008753156,-0.003193391,0.3595043,0.03266335,0.009134412,0.06522331,,,
2024_04_20_16_14_51_278,0.2,0.5235988,57134,58406,31.53499,-32.77736,1.647319,0.03310629,0.05981594,0.8952754,0.34,-0.01543458,-0.05391536,0.3506071,-0.2872944,0.3468617,-0.09969155,,,
2024_04_20_16_14_51_394,0.2,0.5235988,57210,58521,31.55942,-32.74636,1.645694,0.03447142,0.05323235,0.9344851,0.33,0.01352098,-0.0251081,0.3334048,0.1395047,-0.4373491,-0.3128517,,,
2024_04_20_16_14_51_495,0.2,0.5235988,57275,58619,31.57972,-32.7192,1.644259,0.03785364,0.04934664,0.9682013,0.33,-0.003262997,-0.05805608,0.3348899,-0.2180636,0.2717376,-0.04318542,,,
2024_04_20_16_14_51_611,0.2,0.5235988,57348,58730,31.60108,-32.68781,1.642599,0.03869946,0.04151183,1.006003,0.32,-0.01096779,-0.05066268,0.3243276,0.01046061,0.002562999,0.08367746,,,
2024_04_20_16_14_51_712,0.2,0.5235988,57410,58825,31.61819,-32.66026,1.640936,0.03949574,0.03500484,1.037475,0.32,0.01843095,-0.03948027,0.3149168,0.2716184,-0.2813265,-0.1903635,,,
2024_04_20_16_14_51_811,0.2,0.5235988,57471,58920,31.63485,-32.63214,1.639143,0.04271444,0.03017532,1.068865,0.33,0.01912625,-0.02733534,0.3108733,0.05111098,0.03642589,0.06190454,,,
2024_04_20_16_14_51_912,0.2,0.5235988,57532,59016,31.65075,-32.6029,1.63741,0.04558692,0.02619468,1.09981,0.33,0.01830991,-0.02764316,0.302123,-0.02810359,0.008806586,0.03519235,,,
2024_04_20_16_14_52_028,0.2,0.5235988,57601,59125,31.66697,-32.56938,1.635558,0.04711132,0.0203159,1.132194,0.31,0.00473569,-0.03901615,0.2676536,-0.1664758,-0.01914799,-0.05868752,,,
2024_04_20_16_14_52_130,0.2,0.5235988,57658,59218,31.67947,-32.5408,1.634039,0.04804716,0.01504455,1.158379,0.29,0.0101438,-0.04607946,0.2504351,0.824809,-0.1304224,-0.05996227,,,
2024_04_20_16_14_52_244,0.2,0.5235988,57721,59319,31.69244,-32.50917,1.632618,0.04966849,0.009468462,1.187136,0.3,0.004702836,-0.03051229,0.2564392,0.225544,-0.01076236,-0.0009387731,,,
2024_04_20_16_14_52_359,0.2,0.5235988,57787,59424,31.70496,-32.4757,1.631452,0.05030765,0.004573003,1.217175,0.31,0.003107253,-0.02802862,0.2632133,0.08958577,-0.006515532,0.05251402,,,
2024_04_20_16_14_52_461,0.2,0.5235988,57845,59516,31.71522,-32.44597,1.630476,0.05070872,0.0005418304,1.243713,0.31,0.001984518,-0.0264264,0.2636343,-0.0192523,6.332994E-05,-0.08137128,,,
2024_04_20_16_14_52_578,0.2,0.5235988,57911,59623,31.72597,-32.41139,1.628975,0.05137025,6.278655,1.273846,0.31,0.01373896,-0.03616194,0.2596838,0.1379848,-0.1152493,-0.5114218,,,
2024_04_20_16_14_52_679,0.2,0.5235988,57970,59717,31.73436,-32.38071,1.627067,0.05217399,6.272499,1.299697,0.3,0.003691558,-0.05398821,0.2539368,-1.431733,-0.02142042,0.04288554,,,
2024_04_20_16_14_52_794,0.2,0.5235988,58034,59819,31.74234,-32.34696,1.625972,0.05026876,6.266829,1.32738,0.3,-0.04141201,-0.001618805,0.2411729,-0.03993511,-0.01128763,0.2159318,,,
2024_04_20_16_14_52_895,0.2,0.5198045,58088,59905,31.74847,-32.31812,1.626649,0.04623194,6.265655,1.35161,0.3,-0.02215011,0.01439163,0.2515396,0.05665421,-0.1368783,-0.2929217,,,
2024_04_20_16_14_52_996,0.2,0.5008336,58143,59990,31.75448,-32.28847,1.627157,0.04358742,6.26615,1.377792,0.31,-0.02131701,0.01568899,0.2580402,0.06234645,-0.01046806,0.0111754,,,
2024_04_20_16_14_53_112,0.2,0.4932452,58210,60091,31.76086,-32.25341,1.627674,0.04229046,6.266073,1.407871,0.31,-0.006351904,0.002162697,0.2556809,-0.084728,-0.007797032,-0.003929323,,,
2024_04_20_16_14_53_229,0.2,0.4325381,58279,60192,31.76645,-32.21747,1.628317,0.04171416,6.265998,1.435335,0.32,-0.007605754,0.02125578,0.2244247,0.1681447,0.03848597,-0.002068933,,,
2024_04_20_16_14_53_331,0.2,0.3945962,58343,60281,31.77045,-32.18491,1.628985,0.03999855,6.267186,1.457332,0.33,-0.0150917,0.0163927,0.2138832,-0.03880262,-0.02692267,-0.1233781,,,
2024_04_20_16_14_53_445,0.2,0.3945962,58417,60380,31.77426,-32.14796,1.630093,0.03865738,6.268765,1.482203,0.33,0.007354084,0.03677441,0.2186095,-0.03278255,-0.04700943,-0.01078239,,,
2024_04_20_16_14_53_544,0.2,0.3376833,58484,60466,31.77709,-32.11566,1.631614,0.03906538,6.271603,1.503201,0.33,0.006688282,0.03658702,0.1861518,0.02506375,-0.02950802,-0.1418567,,,
2024_04_20_16_14_53_660,0.2,0.2959471,58565,60564,31.77981,-32.07751,1.633375,0.03961186,6.275025,1.522979,0.34,0.003483074,0.03677233,0.1702112,0.01445413,0.03197044,0.03069313,,,
2024_04_20_16_14_53_762,0.2,0.2959471,58637,60651,31.78145,-32.04385,1.634683,0.03904514,6.277405,1.540458,0.34,-0.008137394,0.02739014,0.1729663,-0.002384186,0.01270696,0.0190693,,,
2024_04_20_16_14_53_889,0.2,0.2276516,58723,60752,31.78256,-32.00422,1.635885,0.03815245,6.279506,1.558608,0.35,-0.009200586,0.02619097,0.1399939,0.199765,-0.009318814,-0.09949028,,,
2024_04_20_16_14_53_989,0.2,0.1441794,58814,60853,31.78289,-31.96314,1.636858,0.0364363,6.28296,1.572069,0.37,-0.01421824,0.03927489,0.09207832,0.1053214,-0.06121397,-0.08156226,,,
2024_04_20_16_14_54_096,0.2,0.1024432,58901,60944,31.78283,-31.9245,1.638044,0.03530499,0.004167134,1.579553,0.38,0.00631332,0.05945641,0.06481333,0.0283122,-0.1531495,-0.04806602,,,
2024_04_20_16_14_54_211,0.2,0.01897097,59000,61045,31.78294,-31.88102,1.640161,0.03767201,0.01077514,1.584613,0.38,0.02208864,0.07061188,0.0139414,0.04720687,-0.03061956,0.0396478,,,
2024_04_20_16_14_54_312,0.2,0.01138258,59086,61131,31.78312,-31.84338,1.641979,0.04010348,0.01802726,1.58585,0.38,0.02612194,0.07473184,0.009025732,0.01436472,-0.005802605,-0.007821247,,,
2024_04_20_16_14_54_428,0.2,-0.01138258,59190,61232,31.78322,-31.79882,1.642964,0.04160763,0.02389657,1.587061,0.38,0.00263305,0.03722403,-0.003580451,-0.02107024,-0.03884733,0.07334072,,,
2024_04_20_16_14_54_530,0.2,-0.09485485,59284,61317,31.78308,-31.76022,1.643406,0.04091521,0.02844205,1.582407,0.39,-0.007361449,0.04433005,-0.05691647,0.01779199,0.007826835,0.1413333,,,
2024_04_20_16_14_54_644,0.2,-0.09485485,59392,61414,31.78346,-31.71574,1.644188,0.04137327,0.03403386,1.576424,0.39,0.01854792,0.0362845,-0.05263088,-0.02464652,-0.02705864,-0.04546996,,,
2024_04_20_16_14_54_761,0.2,0,59501,61516,31.78438,-31.67014,1.644709,0.04302656,0.03783344,1.573973,0.39,0.008947909,0.02659535,0.003477054,-0.03224611,-0.006272457,-0.09221583,,,
2024_04_20_16_14_54_861,0.2,0,59591,61605,31.78495,-31.63137,1.645079,0.04395707,0.04032789,1.574367,0.39,0.009362861,0.008656571,0.003623885,0.04082918,0.03200071,-0.04447158,,,
2024_04_20_16_14_54_973,0.2,0,59695,61708,31.78523,-31.58667,1.644471,0.04354748,0.0426811,1.574465,0.4,-0.000138592,0.01796932,-0.0008847572,0.02112984,-0.01449766,-0.1019631,,,
2024_04_20_16_14_55_077,0.2,0,59788,61801,31.78535,-31.54629,1.64379,0.04324121,0.04422669,1.574176,0.4,-0.009864748,0.008482201,-0.007078313,0.04410743,0.01375552,-0.008997973,,,
2024_04_20_16_14_55_178,0.2,0,59880,61895,31.78541,-31.50609,1.643158,0.04340047,0.04545488,1.573555,0.4,0.009784969,0.009267424,-0.00656019,-0.03534555,0.00252109,0.1696488,,,
2024_04_20_16_14_55_295,0.2,0,59985,62004,31.7855,-31.45976,1.642545,0.04262336,0.05007262,1.573172,0.4,-0.01533012,0.03614747,-0.008295481,0.1269877,0.2370343,-0.3615252,,,
2024_04_20_16_14_55_411,0.2,0,60093,62115,31.78507,-31.41263,1.641044,0.04115862,0.05234004,1.571814,0.41,0.01050302,-0.009875075,-0.01376904,0.004082918,-0.04390766,-0.03624242,,,
2024_04_20_16_14_55_510,0.2,0,60189,62211,31.78526,-31.37104,1.639456,0.04183347,0.05434598,1.57081,0.42,0.007461533,0.03127805,-0.008743237,0.1021027,-0.02292916,-0.1305539,,,
2024_04_20_16_14_55_628,0.2,0,60303,62324,31.78599,-31.32152,1.637652,0.04375307,0.05809847,1.570356,0.43,0.01929017,0.02027437,-0.003898207,0.03439188,-0.005315057,0.05234335,,,
2024_04_20_16_14_55_730,0.2,0,60403,62422,31.78658,-31.27816,1.635444,0.04453178,0.06127698,1.569878,0.44,-0.001212571,0.03988818,-0.007955177,0.1120865,0.0002980232,-0.03895396,,,
2024_04_20_16_14_55_844,0.2,0,60518,62537,31.78718,-31.22785,1.633305,0.04471394,0.06665697,1.569395,0.44,-0.001673173,0.04132715,-0.008487991,0.09214877,-0.09696278,-0.2763632,,,
2024_04_20_16_14_55_945,0.2,0,60619,62637,31.78764,-31.18365,1.631069,0.04538453,0.07234142,1.56958,0.45,0.05249795,0.04996771,0.005205981,-0.1076758,-0.009575859,0.2464807,,,
2024_04_20_16_14_56_046,0.2,0,60722,62736,31.78892,-31.13955,1.629103,0.05122058,0.07782388,1.570269,0.44,0.06096508,0.05844418,0.001707396,-0.1754463,0.01935102,-0.04198029,,,
2024_04_20_16_14_56_162,0.2,0,60837,62846,31.79051,-31.0909,1.627887,0.05741243,0.08228758,1.571614,0.38,0.05551557,-0.0466322,0.03213953,-0.9243488,0.2629775,0.3834739,,,
2024_04_20_16_14_56_261,0.2,0,60930,62929,31.79237,-31.0561,1.627938,0.06283409,0.07783836,1.57483,0.31,0.09487137,0.01524012,0.04795853,-0.8170604,-0.6352066,0.0542216,,,
2024_04_20_16_14_56_378,0.2,0,61099,63005,31.79591,-31.02415,1.630702,0.07367528,0.07909831,1.580861,0.25,0.08112405,0.004472186,0.05041036,-0.4505962,-0.07385388,-0.1844391,,,
2024_04_20_16_14_56_478,0.2,0,61246,63067,31.79844,-30.99916,1.631209,0.07784313,0.0746508,1.586807,0.24,-0.01067043,-0.08695009,0.06405685,-0.08819997,0.1589386,-0.0783056,,,
2024_04_20_16_14_56_595,0.2,0,61417,63143,31.79937,-30.97032,1.628577,0.07009599,0.05732193,1.592959,0.23,-0.1314584,-0.2043907,0.06298956,-0.1225322,0.2643242,-0.07580779,,,
2024_04_20_16_14_56_711,0.2,0,61561,63223,31.79802,-30.94162,1.623183,0.05233697,0.02921222,1.597843,0.26,-0.04791857,-0.1563104,0.03482018,1.00407,-0.3377786,-0.1461022,,,
2024_04_20_16_14_56_827,0.2,0,61655,63316,31.79762,-30.90467,1.619816,0.04698668,0.009084644,1.601081,0.34,-0.05281194,-0.13743,0.02887355,0.7522404,-0.08832104,-0.1725462,,,
2024_04_20_16_14_56_929,0.2,0,61751,63411,31.79681,-30.86583,1.616334,0.04184092,6.277606,1.603726,0.39,-0.0254814,-0.1592926,0.03921726,0.5316138,-0.4382934,-0.7999939,,,
2024_04_20_16_14_57_044,0.2,0,61867,63530,31.79726,-30.81717,1.612267,0.04650358,6.264023,1.608499,0.42,0.04343911,-0.127953,0.04769286,0.1676977,0.007236376,-0.2327878,,,
2024_04_20_16_14_57_144,0.2,0,61972,63638,31.79753,-30.77245,1.608621,0.05106452,6.252834,1.612557,0.44,0.05035565,-0.1080654,0.04648229,0.130713,-0.01023896,0.1029577,,,
2024_04_20_16_14_57_261,0.2,0,62100,63770,31.7971,-30.71787,1.60339,0.05353114,6.239637,1.617494,0.47,0.007206775,-0.1113114,0.04966702,0.1544952,-0.01870096,-0.1820512,,,
2024_04_20_16_14_57_363,0.2,0,62216,63889,31.79624,-30.66854,1.597631,0.05605155,6.227618,1.622271,0.48,0.04896298,-0.1568869,0.0703399,0.04002452,0.6015021,-0.606142,,,
2024_04_20_16_14_57_480,0.2,0,62352,64029,31.79488,-30.61046,1.590001,0.06427113,6.212829,1.624604,0.44,0.05827291,-0.1168117,-0.01182566,-0.6713271,-0.006603077,-0.009860842,,,
2024_04_20_16_14_57_594,0.2,0,62468,64146,31.79272,-30.56125,1.586268,0.06663708,6.204691,1.6233,0.4,-0.01816961,-0.03440621,0.003185147,-0.08144974,0.04736147,-0.1404695,,,
2024_04_20_16_14_57_711,0.2,0,62563,64247,31.79173,-30.51924,1.588526,0.07236394,6.208429,1.623839,0.33,0.04632241,0.02187698,0.001047258,-0.4491508,0.008737668,0.2760515,,,
2024_04_20_16_14_57_812,0.2,0,62633,64323,31.79107,-30.48849,1.590475,0.07653605,6.210347,1.624055,0.3,0.006068036,0.04850792,0.006182751,-0.9569823,0.1958804,0.05197106,,,
2024_04_20_16_14_57_924,0.2,0,62708,64405,31.7903,-30.45534,1.595404,0.07743833,6.216526,1.625264,0.29,0.01110424,0.0531079,0.007129588,-0.184834,-0.02706051,-0.05814992,,,
2024_04_20_16_14_58_041,0.2,0,62788,64488,31.78946,-30.4208,1.600537,0.08028153,6.222958,1.624849,0.33,0.01485887,0.07076798,-0.01149273,0.2195239,0.04286319,0.01916289,,,
2024_04_20_16_14_58_143,0.2,0,62864,64565,31.78841,-30.38763,1.605507,0.08107781,6.231125,1.624338,0.34,0.003650799,0.08502097,-0.01163967,0.05862116,0.01556333,-0.0849245,,,
2024_04_20_16_14_58_244,0.2,0,62940,64643,31.78756,-30.35418,1.61056,0.08169246,6.239735,1.624177,0.35,-0.04078253,0.08383995,-0.02192754,0.406146,0.2897829,0.06990647,,,
2024_04_20_16_14_58_361,0.2,0,63029,64731,31.78638,-30.31606,1.61491,0.08073373,6.247477,1.624629,0.32,-0.01242165,0.06722255,-0.002604144,-0.2296567,0.001145527,-0.04848372,,,
2024_04_20_16_14_58_478,0.2,0,63114,64812,31.78529,-30.28031,1.618658,0.07987992,6.254971,1.625193,0.31,0.007671222,0.06185603,0.004502599,0.2290606,0.2343161,-0.158323,,,
2024_04_20_16_14_58_594,0.2,0,63200,64897,31.78448,-30.24343,1.621679,0.08031401,6.261465,1.626441,0.33,-0.003166538,0.047018,0.005116767,0.02363324,0.003054738,0.152952,,,
2024_04_20_16_14_58_711,0.2,0,63289,64984,31.7835,-30.2054,1.62461,0.08049192,6.266396,1.627594,0.33,0.007524025,0.03808453,0.006264965,-0.04523992,0.1333775,-0.1509748,,,
2024_04_20_16_14_58_812,0.2,0,63369,65062,31.7824,-30.172,1.626468,0.08036941,6.268544,1.628361,0.34,-0.009794402,0.007405018,0.007510355,0.08672475,0.0003911555,-0.070801,,,
2024_04_20_16_14_58_913,0.2,0,63450,65140,31.7812,-30.13809,1.627829,0.07979097,6.269652,1.629307,0.34,-0.001624137,0.01550201,0.009529267,0.01510978,0.0008149072,-0.0909008,,,
2024_04_20_16_14_59_028,0.2,0,63544,65230,31.7798,-30.09918,1.629398,0.07905434,6.271904,1.630493,0.34,-0.009570578,0.02356852,0.007956866,0.05102157,0.009723008,0.02704561,,,
2024_04_20_16_14_59_128,0.2,0,63628,65310,31.77831,-30.06437,1.630833,0.07735205,6.273554,1.631415,0.35,-0.01824217,0.01563874,0.007513952,0.03185868,0.01341477,0.1126463,,,
2024_04_20_16_14_59_244,0.2,0,63723,65402,31.77616,-30.02469,1.63252,0.07294878,6.273215,1.631379,0.34,-0.04200933,-0.007106937,-0.005067566,-0.1063645,-0.00217557,0.01309067,,,
2024_04_20_16_14_59_345,0.2,0,63802,65480,31.77412,-29.99139,1.633633,0.06908134,6.272177,1.630411,0.33,-0.03384157,-0.01704155,-0.01065839,0.05963444,0.01155585,0.1640911,,,
2024_04_20_16_14_59_461,0.2,0,63896,65574,31.77154,-29.95192,1.63427,0.06468871,6.269961,1.628477,0.33,-0.05741762,-0.03684474,-0.02578674,-0.3885626,0.07249415,0.09659677,,,
2024_04_20_16_14_59_561,0.2,0,63973,65653,31.76888,-29.91981,1.634834,0.05997705,6.265818,1.625498,0.31,-0.02938793,-0.05858142,-0.0273504,-0.1337528,-0.03566034,-0.1133289,,,
2024_04_20_16_14_59_677,0.2,0.07588388,64057,65742,31.76687,-29.88395,1.635556,0.05921485,6.260633,1.625013,0.31,0.01139548,-0.03877869,0.0330326,0.05620718,0.05743093,0.2378896,,,
2024_04_20_16_14_59_778,0.2,0.1783271,64127,65825,31.76526,-29.8526,1.636046,0.0597837,6.25598,1.630895,0.3,-0.002776969,-0.0521498,0.07587076,-0.2033412,-0.005841255,0.01960806,,,
2024_04_20_16_14_59_878,0.2,0.2428284,64191,65905,31.76316,-29.82306,1.636534,0.05956,6.250135,1.63946,0.28,0.002310488,-0.05538202,0.09666093,0.4661381,0.007778406,-0.07406622,,,
2024_04_20_16_14_59_995,0.2,0.2617994,64261,65997,31.76099,-29.7904,1.637207,0.06337045,6.240634,1.651373,0.28,0.09204279,-0.1256474,0.1092281,0.2839565,-0.01374446,-0.1676828,,,
2024_04_20_16_15_00_095,0.2,0.3035355,64327,66080,31.75939,-29.76015,1.637455,0.07087523,6.229857,1.662983,0.31,0.06745824,-0.0687498,0.1359919,0.2908409,0.08152052,-0.02259551,,,
2024_04_20_16_15_00_211,0.2,0.3452717,64405,66181,31.75644,-29.72297,1.637945,0.07707401,6.22142,1.679894,0.32,0.04992782,-0.05016638,0.163039,0.04777312,0.2087541,0.1806291,,,
2024_04_20_16_15_00_329,0.2,0.4021845,64486,66288,31.75125,-29.68395,1.63829,0.07722741,6.215309,1.699065,0.33,0.006328981,-0.03416578,0.1803053,0.06297231,0.05244463,-0.05195383,,,
2024_04_20_16_15_00_444,0.2,0.4249497,64564,66393,31.74501,-29.64556,1.639214,0.07547132,6.211254,1.72021,0.33,-8.838624E-05,-0.01242487,0.1930761,-0.0976026,-0.0160858,-0.04752259,,,
2024_04_20_16_15_00_544,0.2,0.4590975,64630,66485,31.73913,-29.61295,1.640113,0.07547558,6.206102,1.739789,0.32,0.02069689,-0.05344044,0.2004368,-0.1602769,-0.02347678,0.02217013,,,
2024_04_20_16_15_00_661,0.2,0.4628917,64703,66588,31.73186,-29.57653,1.641427,0.07464201,6.201783,1.762492,0.32,-0.002254032,0.0001755627,0.1964963,0.06043911,0.01279265,0.09059253,,,
2024_04_20_16_15_00_761,0.2,0.4628917,64765,66675,31.72475,-29.54555,1.64327,0.07139456,6.201813,1.781954,0.32,-0.05508683,0.04997713,0.1837756,0.006794929,0.09991973,-0.04480686,,,
2024_04_20_16_15_00_880,0.2,0.4666859,64837,66775,31.71498,-29.50997,1.64591,0.0630807,6.20504,1.803875,0.33,-0.05249625,0.02024988,0.1940522,-0.1105666,0.05772709,0.09245518,,,
2024_04_20_16_15_00_994,0.2,0.4666859,64910,66878,31.70421,-29.47325,1.648368,0.05562385,6.208756,1.826921,0.34,-0.04761137,0.04621324,0.2007324,0.02914667,-0.005230307,-0.02285931,,,
2024_04_20_16_15_01_112,0.2,0.4666859,64979,66978,31.69419,-29.43876,1.650867,0.05102936,6.208819,1.85383,0.29,-0.01592837,-0.005537251,0.2203858,-0.2764463,-0.02628565,0.1085475,,,
2024_04_20_16_15_01_227,0.2,0.4666859,65041,67069,31.68442,-29.40789,1.652601,0.0463145,6.207071,1.878954,0.27,-0.02416219,-0.0007686103,0.2124736,-0.08749961,-0.01500547,0.04938151,,,
2024_04_20_16_15_01_344,0.2,0.4666859,65101,67156,31.67442,-29.3787,1.655005,0.04096155,6.20664,1.903841,0.25,-0.02879843,0.006355011,0.2096429,-0.2025664,-0.04375726,-0.1473427,,,
2024_04_20_16_15_01_461,0.2,0.4666859,65159,67235,31.66473,-29.35254,1.657623,0.03564907,6.206532,1.92745,0.24,-0.03839953,0.0120511,0.1960694,0.116542,0.01979619,0.1750402,,,
2024_04_20_16_15_01_578,0.2,0.4666859,65217,67313,31.65429,-29.32659,1.660445,0.03054166,6.207271,1.951014,0.25,-0.02043017,0.01271901,0.2068167,0.1140982,0.04032254,0.1406884,,,
2024_04_20_16_15_01_694,0.2,0.4666859,65275,67395,31.643,-29.29991,1.663254,0.02608726,6.207397,1.975332,0.26,-0.01739727,0.003366163,0.2160279,0.1026392,0.007554888,0.4505999,,,
2024_04_20_16_15_01_795,0.2,0.4666859,65327,67470,31.63228,-29.27559,1.665656,0.0237032,6.207582,1.997352,0.26,0.002188686,0.002161035,0.2140998,-0.02470612,-0.01218915,0.009433366,,,
2024_04_20_16_15_01_912,0.2,0.4666859,65385,67557,31.61946,-29.24802,1.667885,0.02225817,6.206343,2.021676,0.26,0.002153484,-0.01550504,0.2049737,-0.008761883,-0.005766749,-0.1027426,,,
2024_04_20_16_15_02_029,0.2,0.4666859,65443,67643,31.60595,-29.22102,1.670097,0.02010527,6.20448,2.045261,0.25,-0.01554353,-0.0001720702,0.1961818,-0.2089143,0.009179115,-0.01135468,,,
2024_04_20_16_15_02_144,0.2,0.4401265,65500,67725,31.59195,-29.19535,1.672986,0.0163598,6.205301,2.066694,0.26,-0.01087423,0.01648036,0.1850294,0.1165271,0.01324713,0.1119422,,,
2024_04_20_16_15_02_261,0.2,0.4173613,65560,67808,31.5771,-29.16913,1.67579,0.01352193,6.206596,2.087917,0.27,-0.004485575,0.004121133,0.1826978,0.1198649,0.003874302,0.04051067,,,
2024_04_20_16_15_02_376,0.2,0.3452717,65624,67895,31.5609,-29.14163,1.678084,0.01208542,6.206176,2.108796,0.28,0.01389638,-0.01318035,0.1647503,0.07638335,-0.1088679,0.1682527,,,
2024_04_20_16_15_02_477,0.2,0.2617994,65684,67970,31.54634,-29.11717,1.679918,0.01242844,6.205111,2.12288,0.29,0.009480736,0.003777708,0.1291781,-0.03433228,0.02810359,0.05354173,,,
2024_04_20_16_15_02_577,0.2,0.2314458,65748,68043,31.53147,-29.09297,1.682228,0.01237198,6.205276,2.135214,0.28,0.008473901,0.002901484,0.11501,0.0320673,-0.01038611,0.09256321,,,
2024_04_20_16_15_02_694,0.2,0.1707387,65822,68126,31.51411,-29.06548,1.685027,0.01177916,6.205484,2.148157,0.27,-0.001523711,0.001058794,0.08472213,-0.1211166,-0.0756979,0.06354507,,,
2024_04_20_16_15_02_811,0.2,0.09864905,65900,68205,31.49673,-29.03827,1.687915,0.01143934,6.20477,2.154984,0.28,0.0001599239,-0.01077757,0.05754872,0.07754564,-0.01120567,-0.1222221,,,
2024_04_20_16_15_02_927,0.2,0.02655936,65980,68283,31.47907,-29.01068,1.690743,0.01171631,6.203825,2.158684,0.28,0.009945318,-0.008203045,0.02314362,-0.05280971,0.004082918,-0.07804111,,,
2024_04_20_16_15_03_044,0.2,-0.09485485,66063,68358,31.46148,-28.98305,1.693728,0.01264948,6.20264,2.157893,0.28,0.006313376,-0.01168686,-0.03144757,-0.0002682209,-0.02910942,-0.1886496,,,
2024_04_20_16_15_03_161,0.2,-0.1555619,66148,68431,31.44418,-28.95534,1.696902,0.01395976,6.201452,2.152217,0.29,0.009671735,-0.009056684,-0.04692019,0.3203749,-0.04380941,0.1950161,,,
2024_04_20_16_15_03_272,0.2,-0.1972981,66236,68507,31.42659,-28.92612,1.700452,0.01654622,6.200885,2.146038,0.3,0.0237301,-0.009253057,-0.06408837,-0.04899501,-0.05251914,-0.0717761,,,
2024_04_20_16_15_03_377,0.2,-0.2086807,66316,68575,31.41087,-28.89924,1.703688,0.01961791,6.200704,2.139274,0.31,0.0256124,0.01105107,-0.07197827,0.1494884,-0.06622821,0.01278613,,,
2024_04_20_16_15_03_494,0.2,-0.23524,66410,68655,31.39258,-28.86747,1.70749,0.02353222,6.202398,2.130427,0.32,0.02798408,0.01360883,-0.08687559,-0.008583069,-0.05704164,0.2615256,,,
2024_04_20_16_15_03_594,0.2,-0.254211,66494,68723,31.37648,-28.83995,1.710192,0.02348748,6.201132,2.120193,0.32,-0.004548513,-0.00592295,-0.1021429,-0.118196,-0.0475049,0.1334743,,,
2024_04_20_16_15_03_711,0.2,-0.254211,66591,68801,31.3584,-28.80813,1.713756,0.02398976,6.20076,2.10823,0.31,-0.003901906,-0.005727734,-0.1017062,-0.01114607,0.005707144,0.07494912,,,
2024_04_20_16_15_03_827,0.2,-0.3073297,66688,68877,31.34075,-28.77674,1.716676,0.02246802,6.198332,2.09382,0.31,-0.01278189,-0.01290206,-0.1264908,0.01689792,-0.03297627,-0.026308,,,
2024_04_20_16_15_03_943,0.2,-0.3225065,66785,68953,31.32377,-28.74508,1.71973,0.02210584,6.196776,2.078827,0.31,-0.0199597,-0.038362,-0.1322204,0.07542968,-0.07456541,-0.123478,,,
2024_04_20_16_15_04_061,0.2,-0.3452717,66885,69029,31.3069,-28.71255,1.721687,0.02140702,6.192917,2.061809,0.31,-0.01862786,-0.03537492,-0.1465357,0.05251169,-0.002659857,0.03544707,,,
2024_04_20_16_15_04_176,0.2,-0.3870078,66984,69103,31.29076,-28.67968,1.72418,0.02261396,6.192573,2.043543,0.32,0.01955906,0.03577282,-0.1688606,0.1127124,-0.06576627,-0.3888793,,,
2024_04_20_16_15_04_279,0.2,-0.3870078,67072,69167,31.27732,-28.64996,1.726976,0.0264095,6.195843,2.026081,0.33,0.02134449,0.01714055,-0.1739641,-0.1180768,-0.01958013,-0.2995017,,,
2024_04_20_16_15_04_389,0.2,-0.3870078,67171,69240,31.26301,-28.61611,1.729845,0.03125006,6.198228,2.006754,0.33,0.02495311,0.03221769,-0.1724636,0.3021657,0.2948269,-0.7563605,,,
2024_04_20_16_15_04_493,0.2,-0.3870078,67263,69307,31.25027,-28.58426,1.732368,0.0362371,6.203198,1.988408,0.35,0.03622723,0.03320817,-0.1850522,-0.02104044,-0.02941489,-0.01862086,,,
2024_04_20_16_15_04_594,0.2,-0.3870078,67357,69375,31.23806,-28.55184,1.7349,0.04133652,6.207278,1.96969,0.35,0.03659844,0.03262263,-0.1870421,0.008523464,-0.02346188,0.1403829,,,
2024_04_20_16_15_04_712,0.2,-0.3870078,67465,69454,31.22472,-28.51379,1.737823,0.04782718,6.211882,1.948333,0.35,0.06657007,0.04893662,-0.1742321,0.06943941,-0.1429468,-0.1997892,,,
2024_04_20_16_15_04_827,0.2,-0.3870078,67572,69532,31.21251,-28.47564,1.741288,0.05490479,6.21854,1.927012,0.34,0.007420011,0.01135852,-0.2189649,-0.5374551,0.3600567,-0.1837518,,,
2024_04_20_16_15_04_928,0.2,-0.3870078,67658,69595,31.20273,-28.44564,1.744235,0.05792535,6.220945,1.906609,0.3,0.02557925,0.01091116,-0.1908264,-0.3189742,0.04168972,0.2593836,,,
2024_04_20_16_15_05_044,0.2,-0.3870078,67750,69661,31.19308,-28.41362,1.746804,0.06146256,6.22311,1.885062,0.29,0.01390773,0.01341556,-0.1820596,-0.02637505,0.02167001,-0.08638296,,,
2024_04_20_16_15_05_144,0.2,-0.3870078,67827,69717,31.1854,-28.3865,1.74921,0.06344449,6.225104,1.866809,0.28,0.004883815,0.005555519,-0.1841304,-0.048846,0.04524737,0.24263,,,
2024_04_20_16_15_05_262,0.2,-0.3870078,67917,69783,31.17679,-28.35478,1.751987,0.0644714,6.227623,1.844885,0.28,-0.004815549,0.01071155,-0.1908091,-0.007629394,0.02006441,0.309186,,,
2024_04_20_16_15_05_377,0.2,-0.3870078,68007,69850,31.16859,-28.32258,1.754325,0.06458539,6.229768,1.822356,0.29,-0.007088188,0.008095412,-0.1979177,0.05635619,-0.01552701,0.09719631,,,
2024_04_20_16_15_05_477,0.2,-0.3870078,68086,69910,31.16227,-28.29411,1.756637,0.065942,6.232197,1.802812,0.29,0.01241384,0.01008924,-0.1942256,0.004738569,-0.01291186,0.07104035,,,
2024_04_20_16_15_05_593,0.2,-0.3870078,68178,69981,31.15594,-28.26107,1.758934,0.06868345,6.233784,1.780107,0.3,0.003272203,-0.01599407,-0.2024884,0.2135336,-0.0115484,0.01738395,,,
2024_04_20_16_15_05_694,0.2,-0.3870078,68261,70044,31.15059,-28.23096,1.760198,0.06998201,6.233763,1.759148,0.31,0.002161519,-0.01383839,-0.2102511,0.08299946,-0.01298264,0.01716672,,,
2024_04_20_16_15_05_805,0.2,-0.3870078,68358,70115,31.14547,-28.19556,1.761594,0.07315863,6.234831,1.735894,0.32,0.01375685,-0.0006528459,-0.2047172,0.04330277,-0.007562339,-0.07728045,,,
2024_04_20_16_15_05_912,0.2,-0.3870078,68448,70181,31.14147,-28.16285,1.762682,0.07537065,6.235934,1.715043,0.32,0.0008413633,-0.01645409,-0.2034436,-0.005751848,0.05706772,-0.09585078,,,
2024_04_20_16_15_06_028,0.2,-0.3870078,68551,70255,31.13741,-28.12547,1.763399,0.07585801,6.236357,1.691464,0.32,-0.004060288,-0.01232477,-0.2003938,0.1523197,-0.07875263,-0.4620179,,,
2024_04_20_16_15_06_144,0.2,-0.3870078,68654,70330,31.13449,-28.08777,1.763917,0.07863516,6.237002,1.66859,0.32,0.03176541,0.001717896,-0.1929624,-0.0256896,-0.01902878,0.08455454,,,
2024_04_20_16_15_06_244,0.2,-0.3870078,68743,70393,31.13298,-28.05536,1.765002,0.08204453,6.239346,1.64907,0.33,0.01347488,0.01798643,-0.2041963,0.09649991,-0.009126961,0.08649006,,,
2024_04_20_16_15_06_344,0.2,-0.3870078,68831,70457,31.13173,-28.02244,1.766407,0.0836419,6.243491,1.628586,0.33,0.006647479,0.02463356,-0.2095871,0.00846386,-0.007901341,-0.04276051,,,
2024_04_20_16_15_06_461,0.2,-0.3870078,68935,70533,31.13104,-27.98391,1.768009,0.08511622,6.248134,1.604306,0.34,0.004918311,0.02173728,-0.2140111,0.04717707,-0.02701953,-0.1781485,,,
2024_04_20_16_15_06_578,0.2,-0.3870078,69040,70610,31.13131,-27.94467,1.769549,0.0865506,6.252849,1.579219,0.34,0.005510967,0.02123871,-0.2188541,0.03656745,-0.02247467,-0.05493406,,,
2024_04_20_16_15_06_678,0.2,-0.3870078,69130,70676,31.13223,-27.91111,1.771288,0.08657297,6.25797,1.557649,0.34,-0.01048622,0.0366698,-0.2187855,0.01955032,-0.01864135,-0.01525832,,,
2024_04_20_16_15_06_795,0.2,-0.3870078,69234,70754,31.13399,-27.87192,1.773488,0.0841708,6.2661,1.532609,0.34,-0.03390268,0.05983421,-0.2192587,-0.01066923,-0.01380592,-0.177362,,,
2024_04_20_16_15_06_911,0.2,-0.3870078,69336,70834,31.13668,-27.83284,1.775685,0.08127435,6.274942,1.507653,0.34,-0.0239069,0.05321696,-0.2206318,-0.05966425,-0.0064224,-0.2219169,,,
2024_04_20_16_15_07_011,0.2,-0.3870078,69425,70903,31.13975,-27.79955,1.777448,0.07965621,6.281477,1.48594,0.34,-0.0112268,0.0432542,-0.2231378,0.005543231,-0.002518296,0.05514174,,,
2024_04_20_16_15_07_129,0.2,-0.3870078,69530,70984,31.14437,-27.76028,1.779596,0.07901759,0.00465771,1.459927,0.35,0.05946647,0.003525173,-0.2410564,0.2580285,-0.7971972,0.4515294,,,
2024_04_20_16_15_07_245,0.2,-0.3870078,69645,71069,31.15114,-27.71799,1.7828,0.08376494,0.008909713,1.430087,0.39,0.02332913,0.03095494,-0.2738606,0.2678931,-0.002488494,-0.2090335,,,
2024_04_20_16_15_07_361,0.2,-0.3870078,69772,71161,31.15951,-27.67162,1.785317,0.08598548,0.01441674,1.397054,0.42,-0.01395958,0.003384409,-0.3081671,0.4879534,0.2968162,-0.1882343,,,
2024_04_20_16_15_07_478,0.2,-0.3870078,69909,71260,31.16936,-27.6215,1.785892,0.08373458,0.01985764,1.360668,0.46,-0.004068375,0.04317948,-0.3176616,0.2673566,-0.01837313,-0.01659524,,,
2024_04_20_16_15_07_594,0.2,-0.3870078,70054,71365,31.1818,-27.56823,1.785775,0.07953797,0.02787228,1.322564,0.49,-0.032188,0.0212972,-0.3524369,0.228703,-0.4291832,-0.07706787,,,
2024_04_20_16_15_07_711,0.2,-0.3870078,70206,71475,31.1976,-27.51334,1.783942,0.07909748,0.03069091,1.283961,0.44,0.03673252,-0.02073983,-0.2729742,-0.8036792,0.2070516,0.09644217,,,
2024_04_20_16_15_07_828,0.2,-0.3870078,70333,71568,31.21326,-27.46908,1.782409,0.08081309,0.03052368,1.254682,0.38,0.01228893,-0.0180051,-0.2361535,-0.2434552,0.06891787,-0.174867,,,
2024_04_20_16_15_07_945,0.2,-0.3870078,70449,71652,31.22857,-27.42941,1.781491,0.08210152,0.03049604,1.228821,0.34,0.01901337,-0.03263783,-0.2037694,-0.3893375,0.1836419,-0.3872141,,,
2024_04_20_16_15_08_059,0.2,-0.3870078,70555,71726,31.24304,-27.39507,1.780174,0.08325787,0.02797177,1.20638,0.3,0.01091687,-0.04036903,-0.1860854,-1.83016,0.0616461,-0.09363889,,,
2024_04_20_16_15_08_160,0.2,-0.3870078,70641,71788,31.25505,-27.36816,1.779354,0.08384004,0.02523273,1.188411,0.28,0.009898027,-0.0414627,-0.1649166,-1.043648,0.03141165,-0.1445496,,,
2024_04_20_16_15_08_277,0.2,-0.3870078,70744,71863,31.26976,-27.33491,1.778437,0.07886472,0.02009743,1.167303,0.34,-0.04293586,-0.06808072,-0.1800789,0.5395114,-0.1879632,-0.3429977,,,
2024_04_20_16_15_08_395,0.2,-0.3870078,70862,71951,31.28822,-27.29568,1.776617,0.07445346,0.01574709,1.143977,0.39,-0.02900939,-0.04136197,-0.2083234,0.2608001,-0.06054341,-0.1023291,,,
2024_04_20_16_15_08_495,0.2,-0.3870078,70971,72032,31.30617,-27.25998,1.774736,0.07143503,0.01253638,1.122275,0.4,-0.03960197,-0.08322342,-0.2202048,-0.1000166,0.1962334,0.063885,,,
2024_04_20_16_15_08_612,0.2,-0.3870078,71100,72128,31.32806,-27.21838,1.771906,0.06574386,0.004150256,1.095917,0.39,-0.05295698,-0.08553115,-0.2162816,0.002771616,0.02294779,0.0105584,,,
2024_04_20_16_15_08_727,0.2,-0.3870078,71225,72221,31.35051,-27.17841,1.769274,0.05983644,6.279445,1.070646,0.39,-0.02727971,-0.06141707,-0.2157873,0.0641644,-0.3391504,0.4660422,,,
2024_04_20_16_15_08_827,0.2,-0.3300949,71333,72303,31.3716,-27.144,1.768038,0.05938103,6.276803,1.051009,0.4,-0.001763985,-0.03565579,-0.1766289,0.05316734,5.960464E-05,0.05806423,,,
2024_04_20_16_15_08_932,0.2,-0.2390342,71448,72397,31.39527,-27.1067,1.766352,0.05827369,6.272768,1.035049,0.41,-0.02610251,-0.0601389,-0.1245414,0.1371205,0.04135072,0.01211371,,,
2024_04_20_16_15_09_043,0.2,-0.1821213,71563,72496,31.42082,-27.06843,1.765782,0.06151529,6.272603,1.024104,0.43,0.06996201,0.04293637,-0.08097044,0.2381801,0.03440678,-0.04788115,,,
2024_04_20_16_15_09_144,0.2,-0.1252084,71668,72591,31.44594,-27.03224,1.766351,0.0679628,6.277332,1.01862,0.45,0.05923308,0.04191922,-0.05110626,0.06255507,-0.02023578,-0.2446566,,,
2024_04_20_16_15_09_261,0.2,-0.01138258,71791,72710,31.47595,-26.98905,1.766086,0.07699838,6.281252,1.018301,0.47,0.1049773,0.04568401,0.0301564,0.2086758,-0.07329881,-0.1376867,,,
2024_04_20_16_15_09_377,0.2,0.03794194,71916,72836,31.5068,-26.94405,1.765516,0.08645367,6.282155,1.022261,0.43,0.03978703,-0.02740883,0.02997297,-0.8430778,0.02211332,-0.1660203,,,
2024_04_20_16_15_09_478,0.2,0.05311872,72008,72932,31.52888,-26.91012,1.765239,0.09053416,6.279999,1.025213,0.38,0.04035207,-0.01553625,0.03101911,-0.3489852,-0.07465482,-0.2032826,,,
2024_04_20_16_15_09_578,0.2,0.09485485,72093,73025,31.54907,-26.87834,1.764226,0.09327509,6.276365,1.030022,0.36,0.02484171,-0.05878839,0.05269227,-0.1410246,-0.1825243,0.06812904,,,
2024_04_20_16_15_09_693,0.2,0.1555619,72187,73130,31.57102,-26.84274,1.762621,0.09603146,6.268548,1.038451,0.35,0.0230074,-0.06152835,0.08421702,0.01421571,-0.002533197,0.0417158,,,
2024_04_20_16_15_09_811,0.2,0.2010923,72277,73235,31.59237,-26.80742,1.762076,0.09692255,6.262363,1.050738,0.34,0.007502027,-0.02886639,0.1170556,-0.0244081,-0.02336502,0.04169903,,,
2024_04_20_16_15_09_928,0.2,0.2010923,72364,73335,31.61276,-26.77362,1.762553,0.09810606,6.259022,1.064104,0.33,0.01069511,-0.007256693,0.1128231,-0.004529953,0.03869832,0.3371462,,,
2024_04_20_16_15_10_043,0.2,0.2010923,72447,73432,31.63195,-26.74055,1.763343,0.09830154,6.256355,1.076336,0.33,0.0006409613,-0.01649061,0.1035542,-0.04258751,-0.0128746,-0.06546173,,,
2024_04_20_16_15_10_144,0.2,0.2010923,72519,73515,31.64818,-26.71188,1.764029,0.09882405,6.254322,1.086799,0.33,0.01227981,-0.01189291,0.1044776,0.118345,-0.01066178,-0.2397215,,,
2024_04_20_16_15_10_261,0.2,0.2010923,72603,73613,31.66683,-26.67795,1.764704,0.1001679,6.251434,1.098927,0.33,0.01920023,-0.01805736,0.1068053,0.0166595,-0.02864003,-0.2745986,,,
2024_04_20_16_15_10_377,0.2,0.2010923,72688,73711,31.68517,-26.64406,1.765395,0.1023581,6.24831,1.111382,0.33,0.02448845,-0.006898995,0.1104697,0.00217557,0.1426637,-0.1712134,,,
2024_04_20_16_15_10_494,0.2,0.2010923,72773,73809,31.70331,-26.60962,1.766135,0.1046393,6.246243,1.124623,0.33,0.02443657,-0.005379872,0.1161653,0.05453825,0.01618266,0.07574446,,,
2024_04_20_16_15_10_611,0.2,0.2010923,72860,73907,31.72083,-26.57462,1.767151,0.1057552,6.244948,1.137827,0.34,0.002128152,0.002021221,0.1119825,-0.01645088,-0.001400709,0.1418199,,,
2024_04_20_16_15_10_727,0.2,0.2010923,72946,74002,31.73717,-26.54003,1.768432,0.1057669,6.245278,1.150821,0.32,-0.0003318344,0.01458683,0.1095165,-0.1336634,0.006563961,-0.01895335,,,
2024_04_20_16_15_10_843,0.2,0.2010923,73029,74092,31.75237,-26.50685,1.770158,0.1043304,6.245584,1.163633,0.31,-0.01816039,0.01412953,0.110389,-0.003635883,0.03281236,0.065214,,,
2024_04_20_16_15_10_957,0.2,0.2010923,73110,74180,31.76667,-26.47404,1.772145,0.10177,6.246753,1.176415,0.32,-0.01242198,0.03271269,0.1081322,0.05495548,-0.09439885,0.3020344,,,
2024_04_20_16_15_11_060,0.2,0.2010923,73186,74265,31.77994,-26.44287,1.773843,0.09922672,6.246634,1.188933,0.36,-0.03401754,0.001038764,0.1380918,0.4244446,-0.00655651,-0.1510689,,,
2024_04_20_16_15_11_160,0.2,0.2200632,73267,74360,31.79426,-26.40802,1.775434,0.09581041,6.246142,1.20435,0.39,-0.02455104,0.01688395,0.1597087,0.2249777,-0.01407415,0.02768822,,,
2024_04_20_16_15_11_277,0.2,0.2124749,73368,74478,31.81137,-26.36426,1.777503,0.09218958,6.246824,1.223514,0.41,-0.01356738,0.04249678,0.1628996,0.1152158,-0.4049539,0.4380941,,,
2024_04_20_16_15_11_393,0.2,0.2124749,73468,74595,31.8285,-26.32026,1.780972,0.09209264,6.251845,1.242909,0.41,0.008814339,0.06185759,0.1621795,0.01758337,-0.01614541,0.130008,,,
2024_04_20_16_15_11_495,0.2,0.2124749,73554,74695,31.8421,-26.28264,1.783988,0.09138637,6.25522,1.258068,0.37,-0.007524189,0.0276619,0.1257202,-0.6090701,-0.09322911,-0.2112202,,,
2024_04_20_16_15_11_610,0.2,0.2124749,73639,74795,31.85477,-26.24483,1.786582,0.09016611,6.2579,1.271497,0.33,-0.009418765,0.0323763,0.1044974,-0.1811087,-0.02019107,-0.01961505,,,
2024_04_20_16_15_11_710,0.2,0.2921529,73706,74877,31.8648,-26.21401,1.788438,0.09009208,6.261015,1.284289,0.32,-0.00170148,0.04073742,0.1458784,-0.1348555,0.07539243,0.07826602,,,
2024_04_20_16_15_11_827,0.2,0.3338891,73781,74974,31.87555,-26.17861,1.790295,0.08951417,6.263409,1.302499,0.31,-0.007061766,0.03336515,0.1622749,-0.1457036,0.04512071,0.2137679,,,
2024_04_20_16_15_11_938,0.2,0.3452717,73847,75069,31.88466,-26.14573,1.791957,0.08806914,6.264978,1.321171,0.29,-0.01162917,0.02121154,0.1609068,-1.769304,-0.05669519,-0.1526256,,,
2024_04_20_16_15_12_039,0.2,0.3452717,73900,75146,31.89158,-26.11903,1.79334,0.08745182,6.265304,1.336274,0.28,0.009468483,0.02562501,0.164376,-1.119047,0.003088265,-0.2956535,,,
2024_04_20_16_15_12_144,0.2,0.3452717,73954,75226,31.89859,-26.09142,1.794727,0.08886436,6.265689,1.352835,0.29,0.06178562,-0.0264175,0.1567788,0.3867447,-0.5559437,-0.1125839,,,
2024_04_20_16_15_12_244,0.2,0.3452717,74019,75311,31.90597,-26.06125,1.79618,0.09476752,6.260317,1.367827,0.31,0.04832687,-0.05270869,0.1480111,-0.09945034,0.04448741,-0.2717972,,,
2024_04_20_16_15_12_360,0.2,0.3452717,74093,75409,31.91357,-26.02616,1.797866,0.09911114,6.254449,1.384769,0.31,0.03915323,-0.03892585,0.1528628,0.1344085,0.04471652,-0.1657456,,,
2024_04_20_16_15_12_461,0.2,0.3452717,74160,75497,31.91935,-25.99432,1.798538,0.1013754,6.249345,1.399389,0.33,0.02339028,-0.03345076,0.1522665,0.1122057,0.0250116,0.1170712,,,
2024_04_20_16_15_12_574,0.2,0.3452717,74242,75601,31.92548,-25.95575,1.799439,0.1032891,6.243653,1.416484,0.33,0.02231763,-0.06916757,0.137858,-0.2087951,-0.07111765,-0.1236675,,,
2024_04_20_16_15_12_676,0.2,0.3452717,74310,75687,31.92976,-25.92382,1.800883,0.1026915,6.237837,1.428831,0.31,-0.01262964,-0.03274656,0.1240043,-0.08839368,0.007964671,-0.02890732,,,
2024_04_20_16_15_12_777,0.2,0.3452717,74377,75772,31.93345,-25.89176,1.802151,0.1005141,6.236416,1.441449,0.34,-0.0002072006,0.03471641,0.1452106,0.3722012,-0.03880262,0.02911966,,,
2024_04_20_16_15_12_878,0.2,0.3452717,74448,75863,31.93759,-25.85689,1.803595,0.09984883,6.240294,1.457719,0.37,-0.02025816,0.0768344,0.1617424,0.121355,0.3399625,0.5955081,,,
2024_04_20_16_15_12_994,0.2,0.3452717,74532,75972,31.94131,-25.81435,1.806639,0.09439574,6.249314,1.477525,0.38,-0.04375758,0.08068737,0.1643146,-0.05239248,-0.03242493,-0.1864051,,,
2024_04_20_16_15_13_111,0.2,0.3452717,74618,76083,31.94414,-25.7716,1.809404,0.08894639,6.252764,1.497813,0.34,-0.00806329,0.01058656,0.1986351,-0.7100999,-0.07204339,0.01853518,,,
2024_04_20_16_15_13_211,0.2,0.3452717,74685,76170,31.9464,-25.73881,1.810287,0.08714981,6.2511,1.516005,0.32,-0.01670968,0.0005793227,0.1766251,-0.04792213,-0.03029406,-0.3481624,,,
2024_04_20_16_15_13_311,0.2,0.3452717,74750,76254,31.94775,-25.70738,1.81111,0.08404457,6.249034,1.532904,0.31,-0.03379316,0.001070977,0.1689736,-0.1539588,0.03575161,-0.01864694,,,
2024_04_20_16_15_13_428,0.2,0.3452717,74823,76349,31.94881,-25.67187,1.812227,0.08044717,6.246376,1.552823,0.3,-0.008683307,-0.02447214,0.1738811,0.04214048,-0.01175329,-0.04025106,,,
2024_04_20_16_15_13_545,0.2,0.3452717,74897,76446,31.94965,-25.63566,1.812643,0.07952306,6.243008,1.574026,0.31,-0.002030861,-0.01101999,0.18722,0.064224,0.02454594,0.07051183,,,
2024_04_20_16_15_13_660,0.2,0.3452717,74973,76545,31.94984,-25.5989,1.813154,0.07888443,6.23966,1.596205,0.31,0.01700481,-0.008087983,0.198764,-0.08580088,-0.1073889,0.08623721,,,
2024_04_20_16_15_13_777,0.2,0.3452717,75047,76637,31.94942,-25.56444,1.814562,0.07748148,6.23855,1.618146,0.28,0.002234264,0.01552441,0.1670216,-2.689183,-0.1963638,-0.06132317,,,
2024_04_20_16_15_13_878,0.2,0.3452717,75104,76710,31.94863,-25.53879,1.815854,0.07699199,6.238186,1.63464,0.25,0.00864451,0.003945531,0.148322,-2.14149,-0.03993883,0.03598421,,,
2024_04_20_16_15_13_990,0.2,0.3452717,75174,76799,31.94609,-25.50646,1.817245,0.06764376,6.231177,1.655048,0.31,-0.1223282,-0.04631872,0.1977098,0.2501905,0.1369864,0.06266776,,,
2024_04_20_16_15_14_093,0.2,0.3452717,75245,76890,31.94194,-25.47363,1.819377,0.05414366,6.225373,1.675607,0.33,-0.1193147,-0.04284243,0.2094448,0.1569092,0.02814829,0.02796016,,,
2024_04_20_16_15_14_193,0.2,0.3452717,75316,76981,31.93744,-25.44008,1.821609,0.04455362,6.220588,1.696914,0.34,-0.06286574,-0.04837067,0.2180718,-0.0115633,-0.02280623,-0.06151385,,,
2024_04_20_16_15_14_310,0.2,0.3111239,75403,77095,31.93266,-25.39818,1.821977,0.04522474,6.214073,1.722767,0.39,0.05342638,-0.03151423,0.234719,0.4358589,-0.01151115,0.09101256,,,
2024_04_20_16_15_14_411,0.2,0.273182,75487,77199,31.92748,-25.35893,1.823511,0.04362578,6.210556,1.743876,0.38,-0.02442373,-0.0284365,0.2044719,-0.08666515,0.01836568,0.1050811,,,
2024_04_20_16_15_14_532,0.2,0.2010923,75587,77321,31.92063,-25.31207,1.826611,0.04504151,6.209983,1.766624,0.39,0.02823947,0.00213291,0.1573226,0.04690885,-0.000551343,0.2004271,,,
2024_04_20_16_15_14_645,0.2,0.1062374,75681,77427,31.91367,-25.26977,1.829199,0.04672623,6.210029,1.781105,0.39,0.02513732,0.01376394,0.1026736,0.0307858,-0.09700655,-0.2556355,,,
2024_04_20_16_15_14_760,0.2,-0.03794194,75785,77534,31.90577,-25.22506,1.832734,0.0493782,6.212851,1.787378,0.39,0.0652747,0.05096284,0.01489124,0.07495284,-0.1504719,0.03263634,,,
2024_04_20_16_15_14_861,0.2,-0.1024432,75876,77620,31.89982,-25.18738,1.836073,0.0563168,6.217524,1.786144,0.39,0.06750216,0.06614134,-0.02804062,0.0976324,-0.06409362,-0.2300208,,,
2024_04_20_16_15_14_976,0.2,-0.2314458,75984,77716,31.89298,-25.14357,1.8396,0.06389776,6.22494,1.779719,0.39,0.04641011,0.02846532,-0.1046889,0.05051493,-0.1050606,-0.05755201,,,
2024_04_20_16_15_15_076,0.2,-0.2314458,76082,77798,31.88701,-25.10495,1.841394,0.06934872,6.228721,1.769258,0.4,0.04994014,0.03129152,-0.1076735,0.02813339,-0.01888722,0.02702232,,,
2024_04_20_16_15_15_177,0.2,-0.2314458,76181,77881,31.88151,-25.06565,1.843455,0.07491312,6.234771,1.758885,0.41,0.06860372,0.07310693,-0.105192,0.07736683,-0.08159875,0.1824619,,,
2024_04_20_16_15_15_293,0.2,-0.2314458,76300,77982,31.87603,-25.0179,1.845063,0.08556364,6.242744,1.74738,0.43,0.09337308,0.05697031,-0.1050498,0.1288056,-0.04279613,-0.1581497,,,
2024_04_20_16_15_15_394,0.2,-0.2314458,76402,78069,31.87077,-24.97739,1.846238,0.09018742,6.246684,1.733871,0.37,0.01071023,0.005572437,-0.1508141,-0.7109939,0.03276393,-0.08229119,,,
2024_04_20_16_15_15_494,0.2,-0.2314458,76489,78145,31.86576,-24.9433,1.846778,0.0913704,6.247632,1.719434,0.33,-0.01081257,-0.01684563,-0.1423743,-0.08955597,0.3831163,0.5655312,,,
2024_04_20_16_15_15_610,0.2,-0.2314458,76585,78228,31.86074,-24.90631,1.848385,0.09111686,6.247229,1.703323,0.31,0.01172037,-0.009422081,-0.1309689,-0.1963973,0.01795962,0.0414541,,,
2024_04_20_16_15_15_710,0.2,-0.2314458,76664,78296,31.85808,-24.87547,1.850258,0.0949401,6.249178,1.690848,0.32,0.0397666,0.01423934,-0.1279972,0.08296966,-0.001635402,-0.01893146,,,
2024_04_20_16_15_15_827,0.2,-0.2314458,76761,78379,31.85522,-24.83731,1.852396,0.09764853,6.253072,1.675652,0.34,0.03422347,0.009311575,-0.1207142,-1.63579,-0.1541451,5.986872,,,
2024_04_20_16_15_15_940,0.2,-0.2314458,76858,78459,31.85361,-24.79963,1.854096,0.1037887,6.253314,1.662121,0.32,0.04901498,-0.01082871,-0.1073488,-0.134021,0.01484901,-0.03319606,,,
2024_04_20_16_15_16_042,0.2,-0.2314458,76941,78526,31.85316,-24.76805,1.855377,0.1110645,6.255064,1.652837,0.3,0.06842013,0.004153019,-0.07656134,1.147807,0.07360429,0.1895167,,,
2024_04_20_16_15_16_143,0.2,-0.2314458,77018,78587,31.85289,-24.73922,1.856533,0.1164627,6.257291,1.644804,0.3,0.02552614,0.02952087,-0.08567315,2.229691,-0.04445016,0.1151861,,,
2024_04_20_16_15_16_245,0.2,-0.2314458,77102,78654,31.85229,-24.70712,1.857441,0.1204265,6.2612,1.635465,0.34,0.04254508,0.02677599,-0.1059747,1.095653,-0.09237229,-0.09742658,,,
2024_04_20_16_15_16_359,0.2,-0.2314458,77207,78737,31.8519,-24.66673,1.857566,0.1254573,6.265887,1.622638,0.36,0.0434261,0.03100232,-0.1225088,-1.500547,0.01272559,-0.04843995,,,
2024_04_20_16_15_16_476,0.2,-0.2314458,77320,78829,31.85186,-24.62239,1.857765,0.1282056,6.272305,1.608922,0.42,0.01619234,0.0417341,-0.1261044,0.4710853,-0.07964297,-0.07379707,,,
2024_04_20_16_15_16_577,0.2,-0.2314458,77427,78917,31.85227,-24.57971,1.858159,0.1290328,6.279151,1.596124,0.44,0.01032483,0.05658939,-0.1392795,0.2017617,-0.04078075,0.01199078,,,
2024_04_20_16_15_16_693,0.2,-0.2314458,77558,79025,31.85328,-24.52736,1.858007,0.128619,0.003213672,1.580159,0.46,-0.007168375,0.04050824,-0.1448511,0.04139542,-0.05050003,-0.3029928,,,
2024_04_20_16_15_16_793,0.2,-0.2314458,77670,79116,31.85409,-24.48293,1.859413,0.1224825,0.01000408,1.564693,0.43,-0.09514636,0.04393638,-0.1638351,-0.2958477,0.001203269,-0.1843143,,,
2024_04_20_16_15_16_909,0.2,-0.2314458,77794,79216,31.85491,-24.43454,1.861435,0.1097393,0.01542649,1.546463,0.41,-0.08980991,0.01729118,-0.1543824,0.1360476,-0.1733862,-0.7248073,,,
2024_04_20_16_15_17_009,0.2,-0.2314458,77898,79299,31.85698,-24.39351,1.863043,0.1062367,0.02217319,1.531942,0.42,0.01157007,0.07498807,-0.1480331,0.1329184,-0.1111925,0.1723505,,,
2024_04_20_16_15_17_110,0.2,-0.2314458,78005,79385,31.86053,-24.35081,1.864786,0.1070868,0.03482143,1.517501,0.45,0.01501236,0.122437,-0.1606474,0.200957,-0.04133582,0.01107715,,,
2024_04_20_16_15_17_227,0.2,-0.2314458,78134,79488,31.86614,-24.29904,1.867808,0.1101095,0.05405616,1.500533,0.46,0.03994912,0.155028,-0.1666999,-0.1729131,-0.2686307,0.4778281,,,
2024_04_20_16_15_17_342,0.2,-0.2314458,78253,79590,31.87268,-24.25072,1.869725,0.1149218,0.06636778,1.484193,0.38,0.05955156,0.0711561,-0.131492,-0.8203983,0.0699684,0.1402516,,,
2024_04_20_16_15_17_444,0.2,-0.2314458,78339,79665,31.87665,-24.21706,1.869246,0.1142757,0.06886433,1.470445,0.33,-0.02876849,-0.02779636,-0.1482857,-0.01776218,0.03557652,-0.116352,,,
2024_04_20_16_15_17_559,0.2,-0.2314458,78437,79752,31.88069,-24.1792,1.868015,0.1112956,0.06531112,1.452376,0.33,0.02288705,-0.09728739,-0.1695441,0.6852149,-0.8138716,0.2089031,,,
2024_04_20_16_15_17_659,0.2,-0.2617994,78539,79836,31.88702,-24.14218,1.865056,0.1201474,0.05063431,1.432532,0.39,0.05144476,-0.1806519,-0.2210674,0.7975399,0.1456961,0.003270805,,,
2024_04_20_16_15_17_760,0.2,-0.2845646,78659,79929,31.89349,-24.10041,1.859957,0.1222684,0.03037871,1.403167,0.41,0.02554987,-0.2530358,-0.2744736,0.1146197,0.04181265,-0.1756549,,,
2024_04_20_16_15_17_876,0.2,-0.2845646,78801,80039,31.90279,-24.05088,1.853956,0.125779,0.004753652,1.367849,0.41,0.04749134,-0.2659918,-0.2711483,-0.004142523,0.02151727,-0.03440306,,,
2024_04_20_16_15_17_993,0.2,-0.2845646,78945,80151,31.91419,-24.00085,1.847338,0.130782,6.26216,1.332812,0.43,0.03093995,-0.2386429,-0.2662855,0.2343654,0.02074241,0.01058727,,,
2024_04_20_16_15_18_109,0.2,-0.2845646,79093,80265,31.9273,-23.94902,1.840923,0.1303852,6.241869,1.298348,0.45,-0.08620126,-0.1426437,-0.2710208,0.1342893,0.1626015,0.1255702,,,
2024_04_20_16_15_18_209,0.2,-0.2845646,79222,80364,31.93921,-23.90328,1.836427,0.1230434,6.228839,1.268879,0.46,-0.1142151,-0.205174,-0.2836671,0.1896918,0.2478659,-0.2754219,,,
2024_04_20_16_15_18_310,0.2,-0.2845646,79358,80467,31.95205,-23.85589,1.830094,0.112762,6.210889,1.237076,0.46,-0.154586,-0.17892,-0.2898274,0.233829,0.7974654,0.6511844,,,
2024_04_20_16_15_18_426,0.2,-0.2845646,79510,80582,31.96849,-23.80261,1.826294,0.096636,6.198935,1.202874,0.46,-0.13805,-0.1312793,-0.2753132,-0.0346601,0.005230307,0.245519,,,
2024_04_20_16_15_18_543,0.2,-0.2845646,79659,80695,31.98705,-23.75051,1.822981,0.08400675,6.18756,1.169598,0.46,-0.09325005,-0.1018858,-0.2727178,-0.1204014,-0.1651943,-0.6588883,,,
2024_04_20_16_15_18_660,0.2,-0.2845646,79798,80804,32.00761,-23.70239,1.823682,0.08512315,6.180552,1.139221,0.42,-0.0248235,-0.07194354,-0.2457257,-0.1432002,0.03488362,0.04025362,,,
2024_04_20_16_15_18_776,0.2,-0.2845646,79930,80906,32.0283,-23.65748,1.82469,0.08559187,6.174977,1.110512,0.41,0.009637844,-0.0640334,-0.2302588,-0.2860725,-0.2045184,-0.003917143,,,
2024_04_20_16_15_18_889,0.2,-0.2238574,80053,81005,32.04975,-23.61567,1.827129,0.08793119,6.171271,1.085918,0.39,-0.03456341,-0.01703476,-0.1706809,-0.07164478,0.0769794,0.02768915,,,
2024_04_20_16_15_18_994,0.2,-0.2238574,80155,81089,32.06805,-23.58073,1.829862,0.08627576,6.171021,1.068684,0.39,-0.04187463,-0.02034649,-0.1669701,-0.04389882,0.06124377,-0.2754666,,,
2024_04_20_16_15_19_109,0.2,-0.1897097,80269,81185,32.08963,-23.54149,1.832886,0.08434444,6.17056,1.050259,0.38,-0.03557199,-0.01787567,-0.1536805,0.008642673,0.02256036,0.04323013,,,
2024_04_20_16_15_19_210,0.2,-0.1403852,80361,81265,32.10801,-23.5102,1.835524,0.08310501,6.169376,1.038756,0.33,-0.02816423,-0.01587664,-0.08262512,-0.3661513,0.0437051,-0.2561407,,,
2024_04_20_16_15_19_324,0.2,-0.1062374,80451,81346,32.12709,-23.4792,1.838488,0.08195026,6.170014,1.031563,0.3,-0.01101512,0.01259356,-0.0488019,-0.1111627,0.03874302,-0.06896723,,,
2024_04_20_16_15_19_442,0.2,-0.07967807,80537,81424,32.14559,-23.4499,1.841551,0.08063945,6.172409,1.026883,0.3,-0.01485408,0.01619328,-0.03374082,-0.05620718,-0.02020597,0.1779972,,,
2024_04_20_16_15_19_544,0.2,-0.06070711,80609,81490,32.16143,-23.42516,1.844356,0.08033532,6.174281,1.024092,0.29,0.01247849,0.02794569,-0.02468599,-0.09286403,-0.03891438,0.07784436,,,
2024_04_20_16_15_19_661,0.2,-0.03414775,80689,81564,32.1792,-23.39805,1.848602,0.08151936,6.177958,1.022435,0.28,0.008290957,0.02987773,-0.01191803,-0.07632375,-0.0006705522,-0.04672236,,,
2024_04_20_16_15_19_776,0.2,0.003794194,80768,81636,32.19636,-23.3717,1.852231,0.08147142,6.180361,1.022244,0.27,-0.00406805,0.01405797,0.01226417,1.334697,0.005111098,0.5239449,,,
2024_04_20_16_15_19_877,0.2,0.007588388,80835,81697,32.21052,-23.34947,1.855412,0.08038645,6.182168,1.022624,0.25,-0.01299672,0.01733183,0.004725213,1.504063,-0.04465133,0.003593508,,,
2024_04_20_16_15_19_988,0.2,0.04932452,80905,81763,32.22521,-23.32596,1.859056,0.07868363,6.184081,1.024572,0.24,-0.01247048,0.01944051,0.01067403,-1.59499,-0.007346272,0.1083692,,,
2024_04_20_16_15_20_093,0.2,0.09864905,80966,81824,32.23814,-23.30498,1.862209,0.07557732,6.183406,1.027827,0.26,-0.06309653,-0.03827735,0.04582791,0.3863871,0.06920844,-0.007906929,,,
2024_04_20_16_15_20_193,0.2,0.1062374,81032,81892,32.25221,-23.28144,1.865548,0.07032503,6.180964,1.032758,0.29,-0.02630978,-0.0009948369,0.056907,0.2203882,-0.04162639,0.08689984,,,
2024_04_20_16_15_20_311,0.2,0.1517678,81113,81978,32.27014,-23.25206,1.869979,0.066701,6.179852,1.042027,0.3,-0.02212114,-0.002777882,0.08372678,0.05602836,-0.1318827,0.3284616,,,
2024_04_20_16_15_20_411,0.2,0.1935039,81181,82052,32.28547,-23.22688,1.873923,0.06366393,6.178997,1.051123,0.3,-0.003123316,-0.009013128,0.1103963,0.2043247,-0.1612529,-0.2706684,,,
2024_04_20_16_15_20_528,0.2,0.2010923,81260,82142,32.30357,-23.19657,1.878022,0.06238615,6.177854,1.064485,0.31,-0.00179374,-0.002149534,0.1154391,-0.0346303,-0.00347197,-0.0228011,,,
2024_04_20_16_15_20_641,0.2,0.2997413,81338,82234,32.32138,-23.16603,1.882726,0.06205325,6.178591,1.081412,0.31,0.01943026,0.02898456,0.1690881,0.09563565,0.02501905,0.1758919,,,
2024_04_20_16_15_20_744,0.2,0.2997413,81404,82316,32.3368,-23.13859,1.88707,0.06216191,6.181351,1.09913,0.33,0.03073158,0.04804906,0.1797674,0.2469122,-0.1028329,-0.1188735,,,
2024_04_20_16_15_20_861,0.2,0.3832136,81482,82417,32.35493,-23.10482,1.891899,0.06378005,6.186177,1.124258,0.34,0.03329761,0.05640461,0.2400184,0.09131431,0.03213435,0.09401305,,,
2024_04_20_16_15_20_976,0.2,0.3832136,81561,82523,32.37249,-23.06963,1.896816,0.06467753,6.191247,1.152906,0.35,0.02286704,0.06255648,0.2454074,0.1253486,0.06401539,0.2119318,,,
2024_04_20_16_15_21_093,0.2,0.3832136,81642,82634,32.38996,-23.03219,1.901009,0.06445915,6.195464,1.183495,0.37,0.03512837,0.05535103,0.2678925,0.1184642,0.01840293,0.007363036,,,
2024_04_20_16_15_21_210,0.2,0.3832136,81726,82749,32.40711,-22.99289,1.905045,0.06577209,6.200155,1.215575,0.38,0.03482377,0.06059128,0.2755093,0.09602308,0.01962483,0.284452,,,
2024_04_20_16_15_21_326,0.2,0.3832136,81812,82867,32.42342,-22.95175,1.909328,0.06695453,6.20626,1.248487,0.39,0.03220895,0.07908487,0.2783227,0.04541874,0.02747774,0.2050316,,,
2024_04_20_16_15_21_442,0.2,0.3832136,81899,82987,32.43832,-22.90935,1.913325,0.06740567,6.212193,1.28167,0.4,0.03086072,0.06915606,0.2840738,0.04267692,-0.00872463,-0.01032185,,,
2024_04_20_16_15_21_543,0.2,0.3832136,81968,83081,32.44787,-22.8756,1.916427,0.0639409,6.212899,1.303164,0.3,-0.02116761,0.01154028,0.1703992,-0.7495582,-0.1686588,-0.05943607,,,
2024_04_20_16_15_21_659,0.2,0.3832136,82032,83169,32.45567,-22.84486,1.919029,0.06139226,6.212155,1.3203,0.25,-0.01090648,-0.009389022,0.1280533,-0.3247857,-0.0452213,0.159051,,,
2024_04_20_16_15_21_759,0.2,0.3832136,82082,83239,32.4617,-22.8207,1.92101,0.06089051,6.211771,1.333794,0.25,0.01277051,0.01506778,0.1431798,-0.518918,-0.08158944,-0.07037608,,,
2024_04_20_16_15_21_861,0.2,0.3832136,82132,83310,32.4677,-22.79611,1.923398,0.06091661,6.21244,1.348224,0.25,0.00795086,0.01598598,0.1450481,-0.8206069,0.01254864,0.1788465,,,
2024_04_20_16_15_21_977,0.2,0.3832136,82190,83392,32.47414,-22.76779,1.926253,0.06075736,6.213021,1.364758,0.25,0.009614607,0.01533366,0.1457464,-1.103491,0.0136923,-0.05299411,,,
2024_04_20_16_15_22_093,0.2,0.3832136,82249,83475,32.48024,-22.73923,1.929139,0.06154512,6.213086,1.381573,0.26,0.02876059,0.02135425,0.152781,0.2299547,-0.006996095,-0.4175089,,,
2024_04_20_16_15_22_210,0.2,0.3832136,82308,83559,32.48636,-22.70951,1.931993,0.0636389,6.21445,1.400135,0.27,0.02984511,0.01772539,0.1638,0.2331138,0.02768263,-0.2620926,,,
2024_04_20_16_15_22_326,0.2,0.3832136,82372,83647,32.49207,-22.67793,1.934456,0.06532627,6.215043,1.419494,0.28,0.01811079,0.01169159,0.1638088,-0.09310245,0.05269423,-0.0692206,,,
2024_04_20_16_15_22_443,0.2,0.3832136,82434,83735,32.49672,-22.64621,1.937011,0.06479204,6.217738,1.438776,0.28,-0.002451137,0.0472724,0.1686718,-1.101553,-0.007931143,-0.3107251,,,
2024_04_20_16_15_22_543,0.2,0.3832136,82487,83813,32.49998,-22.61865,1.939037,0.06405222,6.220514,1.455398,0.28,0.00855734,0.03497056,0.1680312,-1.352847,-0.0334084,-0.1553139,,,
2024_04_20_16_15_22_660,0.2,0.3832136,82548,83903,32.50309,-22.58715,1.941334,0.06316219,6.222367,1.473866,0.26,-0.01378584,0.01758606,0.1550991,-2.229184,-0.0211671,0.1043819,,,
2024_04_20_16_15_22_776,0.2,0.3832136,82610,83990,32.50556,-22.55644,1.943742,0.06507807,6.219137,1.490402,0.27,0.04905886,-0.03552882,0.1343757,0.2201795,0.05739927,-0.01238193,,,
2024_04_20_16_15_22_876,0.2,0.3832136,82667,84065,32.50731,-22.5289,1.946831,0.0644975,6.219167,1.503379,0.28,-0.01868319,0.03828676,0.1305838,0.2495646,-0.119891,-0.348011,,,
2024_04_20_16_15_22_987,0.2,0.3832136,82731,84152,32.50825,-22.49665,1.951195,0.05909874,6.22367,1.519084,0.29,-0.06006461,0.05447241,0.1317208,0.005275011,-0.02984702,0.1758952,,,
2024_04_20_16_15_23_091,0.2,0.3945962,82788,84228,32.5081,-22.46817,1.955313,0.05125147,6.228353,1.532497,0.29,-0.08706299,0.05366394,0.1252698,0.1177788,0.04959479,-0.02816692,,,
2024_04_20_16_15_23_193,0.2,0.4097729,82843,84303,32.50804,-22.44061,1.958505,0.04452432,6.231568,1.549057,0.28,-0.04997941,0.04456045,0.1760938,-0.08210539,-0.02071634,0.09152619,,,
2024_04_20_16_15_23_309,0.2,0.4097729,82904,84387,32.50821,-22.40994,1.961782,0.03816416,6.235445,1.570341,0.26,-0.04911441,0.04336353,0.1774979,-0.005871057,0.08928403,0.3142585,,,
2024_04_20_16_15_23_411,0.2,0.4097729,82957,84457,32.50785,-22.38408,1.964325,0.03218484,6.237664,1.58875,0.26,-0.06654479,0.004817976,0.1805451,-0.03346801,0.02671033,-0.09331758,,,
2024_04_20_16_15_23_526,0.2,0.4097729,83018,84540,32.50657,-22.35431,1.966356,0.02539963,6.235474,1.609635,0.26,-0.04375518,-0.02207584,0.1821541,0.07241964,0.009052455,-0.05418527,,,
2024_04_20_16_15_23_625,0.2,0.4097729,83072,84615,32.50503,-22.32742,1.968033,0.02091061,6.233545,1.628076,0.27,-0.02018696,-0.001532791,0.1875148,0.1271665,-0.08055567,-0.08672895,,,
2024_04_20_16_15_23_742,0.2,0.4097729,83134,84702,32.50302,-22.29607,1.97021,0.01772547,6.232646,1.650362,0.27,-0.01626486,-0.006103149,0.1952088,0.05301833,0.0147745,-0.06035715,,,
2024_04_20_16_15_23_861,0.2,0.4097729,83199,84794,32.50045,-22.26341,1.97162,0.01673371,6.230284,1.673967,0.28,-0.006100338,-0.02544244,0.1978163,-0.06449223,0.02850592,0.06456254,,,
2024_04_20_16_15_23_976,0.2,0.4135672,83265,84889,32.49693,-22.22964,1.972218,0.01855957,6.226889,1.697397,0.29,0.04397736,-0.01052422,0.2065156,-0.5425215,-0.3024265,0.3538299,,,
2024_04_20_16_15_24_094,0.2,0.4173613,83326,84982,32.49293,-22.19787,1.974096,0.02110342,6.225817,1.719931,0.26,0.01693257,-0.00544046,0.1715555,1.152813,-0.04544109,0.003987923,,,
2024_04_20_16_15_24_210,0.2,0.4135672,83382,85067,32.4886,-22.1693,1.976282,0.02213779,6.225055,1.739779,0.24,0.03172369,0.002831793,0.1629197,-0.2395063,-0.03427267,0.1119499,,,
2024_04_20_16_15_24_327,0.2,0.4021845,83436,85153,32.48394,-22.14052,1.978434,0.02546515,6.225401,1.759892,0.26,0.04537876,0.01637982,0.184528,-1.181751,0.0002384186,0.05607656,,,
2024_04_20_16_15_24_442,0.2,0.3945962,83497,85242,32.47789,-22.10947,1.980644,0.02766066,6.226541,1.78001,0.29,0.0203816,0.01307602,0.178439,0.1839995,0.03249943,0.1906473,,,
2024_04_20_16_15_24_542,0.2,0.3945962,83555,85322,32.47143,-22.0807,1.982197,0.02845747,6.227033,1.798515,0.3,0.03070437,0.02475779,0.1933792,0.1650452,-0.1654103,-0.1252317,,,
2024_04_20_16_15_24_644,0.2,0.3945962,83615,85403,32.46484,-22.05137,1.983744,0.03036163,6.229192,1.818855,0.3,0.03702464,0.02165144,0.2087227,-0.1757145,-0.06184727,0.09551457,,,
2024_04_20_16_15_24_760,0.2,0.3945962,83683,85492,32.45732,-22.01943,1.985527,0.03387221,6.230534,1.842689,0.27,0.03736992,0.02148191,0.1964704,-0.06949902,0.072442,0.2167257,,,
2024_04_20_16_15_24_875,0.2,0.3452717,83750,85576,32.44927,-21.98911,1.987386,0.03651407,6.231514,1.863821,0.27,0.03367344,0.01940554,0.1623139,-2.14377,-0.0211522,-0.05348585,,,
2024_04_20_16_15_24_976,0.2,0.3452717,83808,85648,32.44193,-21.96371,1.989474,0.03567517,6.229901,1.881098,0.27,-0.06154055,-0.07081449,0.1822226,0.4296601,0.3808066,0.2160072,,,
2024_04_20_16_15_25_076,0.2,0.3376833,83870,85726,32.43238,-21.93718,1.992243,0.02640151,6.223101,1.899229,0.29,-0.07049964,-0.04739016,0.1833123,0.1813173,-0.1868754,0.03325567,,,
2024_04_20_16_15_25_192,0.2,0.3187123,83945,85821,32.42039,-21.90439,1.995222,0.0201809,6.218282,1.920005,0.32,-0.005701199,-0.02326436,0.1897844,0.3476143,-0.01454353,0.07787393,,,
2024_04_20_16_15_25_293,0.2,0.3187123,84015,85910,32.40878,-21.87313,1.997256,0.01753265,6.215343,1.939759,0.35,-0.02911222,-0.007130181,0.2006152,0.4151463,4.470348E-05,-0.01761504,,,
2024_04_20_16_15_25_409,0.2,0.3073297,84103,86022,32.3927,-21.83413,1.999994,0.01120445,6.21489,1.963848,0.37,-0.04990922,-0.0008572582,0.204107,0.1164675,-0.003054738,-0.02816785,,,
2024_04_20_16_15_25_510,0.2,0.3073297,84181,86119,32.37771,-21.80031,2.00268,0.004810201,6.213815,1.984372,0.37,-0.04998771,-0.01217654,0.2048697,-0.01677871,-0.0008493661,-0.2186736,,,
2024_04_20_16_15_25_610,0.2,0.3035355,84258,86217,32.36221,-21.76627,2.005163,0.000376571,6.212935,2.005328,0.38,-0.008544467,0.00720824,0.2097775,0.07498264,-0.02844631,-0.03590761,,,
2024_04_20_16_15_25_725,0.2,0.2883587,84350,86333,32.34335,-21.72624,2.00812,6.281916,6.213656,2.029275,0.39,0.02029814,0.006760738,0.2083685,0.1689494,-0.01266599,-0.09361002,,,
2024_04_20_16_15_25_843,0.2,0.2655936,84448,86455,32.32298,-21.68361,2.009991,0.001933455,6.2144,2.053845,0.42,0.06363734,0.009118579,0.2128103,0.1928806,0.01077354,-0.01462921,,,
2024_04_20_16_15_25_953,0.2,0.2314458,84547,86575,32.30211,-21.6419,2.012455,0.005099954,6.214311,2.07612,0.41,0.04669176,-0.0102048,0.1897288,-0.09080767,0.01353025,0.08704326,,,
2024_04_20_16_15_26_056,0.2,0.2086807,84633,86680,32.28336,-21.60551,2.014232,0.01045397,6.212796,2.094716,0.41,0.1059505,-0.01203522,0.1866048,0.1863837,-0.1023859,0.03807433,,,
2024_04_20_16_15_26_160,0.2,0.1972981,84724,86789,32.26372,-21.56728,2.015122,0.02008449,6.213694,2.11363,0.43,0.1100556,0.01691007,0.1835299,0.1635253,-0.01882017,-0.01458824,,,
2024_04_20_16_15_26_275,0.2,0.1821213,84831,86916,32.23953,-21.52255,2.016371,0.031094,6.215359,2.134569,0.44,0.09039581,0.02106187,0.1727941,-0.04953146,0.09357928,-0.01003407,,,
2024_04_20_16_15_26_376,0.2,0.1593561,84924,87023,32.21744,-21.48562,2.019645,0.03262372,6.217189,2.149642,0.41,-0.01163291,0.01619873,0.1342281,-0.3040433,-0.008448958,-0.2464298,,,
2024_04_20_16_15_26_493,0.2,0.1290026,85023,87134,32.1935,-21.44745,2.024496,0.03304131,6.220698,2.16406,0.39,0.05491302,0.0320174,0.1157056,0.1098812,-0.2570748,-0.114847,,,
2024_04_20_16_15_26_594,0.2,0.1290026,85109,87229,32.17295,-21.41425,2.027241,0.03827548,6.222866,2.175353,0.36,-0.01338578,-0.02949493,0.06751806,-1.237154,0.4124194,-0.5199872,,,
2024_04_20_16_15_26_710,0.2,0.08347227,85192,87320,32.15208,-21.38413,2.030537,0.03805604,6.222698,2.17986,0.29,0.006788932,0.02870848,0.03404154,-0.1315773,-0.05860626,-0.02446305,,,
2024_04_20_16_15_26_826,0.2,0.07208968,85266,87402,32.13338,-21.35707,2.034028,0.03816044,6.22539,2.18381,0.28,-0.005670795,0.01592046,0.02961196,0.0848174,0.191614,-0.06893743,,,
2024_04_20_16_15_26_942,0.2,0.03035355,85344,87485,32.11396,-21.3295,2.036317,0.03811783,6.224527,2.185962,0.29,-0.01121217,-0.04554589,-0.0003198576,-0.1122653,0.1170337,0.0123987,,,
2024_04_20_16_15_27_042,0.2,0.02655936,85412,87558,32.09698,-21.30627,2.037338,0.0370222,6.21991,2.185463,0.28,-0.009072516,-0.04781854,-0.003286856,-0.7075071,-0.004500151,-0.1877472,,,
2024_04_20_16_15_27_159,0.2,0.02655936,85491,87643,32.07731,-21.27855,2.03869,0.03769225,6.216012,2.18499,0.29,-0.003808258,-0.02235929,-0.002553056,0.08654594,0.05866587,-0.09089708,,,
2024_04_20_16_15_27_259,0.2,0.02655936,85562,87719,32.05981,-21.25364,2.040309,0.03802728,6.214666,2.185146,0.31,0.003185107,-0.01094447,0.002986101,0.1650154,-0.01767278,-0.2483101,,,
2024_04_20_16_15_27_361,0.2,0.02655936,85636,87798,32.04151,-21.22743,2.041474,0.03973969,6.212427,2.185441,0.32,0.03027543,-0.02894039,0.009243715,0.1074374,-0.017941,-0.203873,,,
2024_04_20_16_15_27_476,0.2,0.003794194,85722,87888,32.02054,-21.19751,2.042608,0.04140843,6.207609,2.184525,0.3,-0.001669478,-0.03649065,-0.014813,-0.2455115,0.104785,0.1426721,,,
2024_04_20_16_15_27_577,0.2,0.003794194,85795,87965,32.00298,-21.17237,2.043676,0.04531901,6.201312,2.182559,0.3,0.09688087,-0.1128629,-0.02077921,0.2532005,-0.237301,-0.05034636,,,
2024_04_20_16_15_27_692,0.2,0.003794194,85888,88059,31.98221,-21.14065,2.044656,0.05623052,6.189101,2.179659,0.33,0.08369679,-0.08751735,-0.0198119,0.04476308,-0.02904236,-0.09452737,,,
2024_04_20_16_15_27_792,0.2,0,85970,88141,31.96327,-21.11247,2.045779,0.06292677,6.180708,2.176655,0.34,0.04189038,-0.05676802,-0.02917069,0.6684064,-0.3298074,-2.14919,,,
2024_04_20_16_15_27_893,0.2,0,86055,88224,31.9433,-21.08349,2.047361,0.06645812,6.176297,2.173301,0.35,0.03292352,-0.03276814,-0.02219049,0.235945,0.03872812,-0.01541618,,,
2024_04_20_16_15_27_993,0.2,0,86142,88311,31.92248,-21.05312,2.049144,0.06956603,6.173567,2.170793,0.37,-0.01369373,0.005988014,-0.02755387,0.09748339,0.6307065,4.738235,,,
2024_04_20_16_15_28_114,0.2,0,86244,88411,31.89646,-21.01809,2.054649,0.06076268,6.180279,2.166773,0.36,-0.07633381,0.04792173,-0.03559919,-0.02756715,-0.005334615,0.04663504,,,
2024_04_20_16_15_28_220,0.2,0,86331,88498,31.87404,-20.98785,2.059566,0.05248611,6.188655,2.163285,0.36,-0.09447953,0.09273242,-0.03723026,0.03921985,0.01612306,-0.1822915,,,
2024_04_20_16_15_28_322,0.2,0,86414,88579,31.85272,-20.95968,2.064494,0.04282576,6.194652,2.159048,0.35,-0.08095747,0.05180054,-0.04109357,-0.1925826,-0.1143515,-0.04460103,,,
2024_04_20_16_15_28_423,0.2,0,86497,88662,31.83202,-20.9313,2.068229,0.03615827,6.196696,2.154911,0.35,-0.04442793,-0.002759542,-0.03634495,0.08919834,-0.03287196,-0.1091426,,,
2024_04_20_16_15_28_537,0.2,0,86593,88756,31.8089,-20.89776,2.071428,0.03365064,6.199263,2.151333,0.37,-0.003617879,0.03218153,-0.02779551,0.09217858,-0.02394616,0.02248399,,,
2024_04_20_16_15_28_644,0.2,0,86681,88844,31.78776,-20.8663,2.075253,0.03162184,6.204482,2.148438,0.38,-0.05378822,0.07843716,-0.03043853,0.05108118,0.05073845,0.2021072,,,
2024_04_20_16_15_28_760,0.2,0,86780,88943,31.76392,-20.83095,2.079592,0.02811286,6.208745,2.145044,0.37,-0.01523736,0.01187598,-0.03500464,0.05352497,0.09538233,0.1665968,,,
2024_04_20_16_15_28_875,0.2,0,86875,89038,31.74249,-20.79692,2.082476,0.03069985,6.207809,2.144278,0.32,0.03714692,-0.005202112,0.007405742,-0.2014637,0.01737475,0.0371784,,,
2024_04_20_16_15_28_975,0.2,0,86948,89112,31.72626,-20.77012,2.084923,0.03397128,6.209139,2.144971,0.31,0.01257224,0.0342546,-6.164308E-05,0.1164675,0.008255243,0.03803149,,,
2024_04_20_16_15_29_093,0.2,0,87034,89197,31.70651,-20.73916,2.08763,0.03259816,6.212475,2.144987,0.32,-0.03121338,0.02198695,-0.001183558,0.008255243,0.02729893,0.1787711,,,
2024_04_20_16_15_29_192,0.2,0,87107,89269,31.69011,-20.71345,2.090432,0.03098535,6.213574,2.14571,0.3,-0.01569609,0.002417479,0.009050421,-0.135541,-0.01361966,-0.3876127,,,
2024_04_20_16_15_29_315,0.2,0,87194,89353,31.67083,-20.68305,2.093882,0.02956109,6.213447,2.146994,0.28,-0.001830257,-0.003589613,0.01203501,-0.2018809,0.05799532,-0.4130099,,,
2024_04_20_16_15_29_425,0.2,0,87267,89422,31.65534,-20.65835,2.096414,0.02929956,6.212987,2.148295,0.26,-0.009587793,-0.01311103,0.01908411,0.752151,0.03459305,0.1836195,,,
2024_04_20_16_15_29_525,0.2,0,87336,89487,31.64047,-20.63501,2.098105,0.0272468,6.212348,2.149654,0.29,-0.02827799,-0.0006957082,0.01872049,1.553416,0.02151727,-0.07999595,,,
2024_04_20_16_15_29_626,0.2,0,87409,89555,31.62461,-20.61056,2.100266,0.02401905,6.212003,2.150888,0.29,-0.007551668,7.754378E-05,0.01010192,0.1779198,-0.3694296,0.3057867,,,
2024_04_20_16_15_29_726,0.2,0,87481,89625,31.60876,-20.58561,2.102915,0.02470029,6.211729,2.152153,0.29,0.01971478,-0.01004487,0.01546067,-0.09429454,0.006243586,-0.2537463,,,
2024_04_20_16_15_29_826,0.2,0,87552,89692,31.59361,-20.56149,2.105864,0.02548592,6.211173,2.153411,0.28,-0.001532926,-0.01013999,0.01216799,-0.06812811,0.0001341105,-0.1488868,,,
2024_04_20_16_15_29_943,0.2,0,87635,89771,31.5759,-20.5335,2.107599,0.02441746,6.206576,2.155574,0.28,-0.01922934,-0.05139288,0.02131827,0.03901124,0.01239777,0.08323788,,,
2024_04_20_16_15_30_059,0.2,0,87720,89854,31.55706,-20.50477,2.109834,0.01782081,6.199214,2.158295,0.3,-0.06971054,-0.06084689,0.02458563,0.1003444,-0.04088878,0.3859186,,,
2024_04_20_16_15_30_159,0.2,0,87793,89927,31.54042,-20.47943,2.11286,0.01297386,6.195328,2.160892,0.3,-0.01945234,-0.01326769,0.02739611,0.08070468,-0.02536177,0.005041249,,,
2024_04_20_16_15_30_276,0.2,0,87878,90013,31.52208,-20.44934,2.116524,0.01547137,6.193185,2.165237,0.31,0.06573623,-0.007451439,0.04357513,0.3176927,-0.009790063,0.03655255,,,
2024_04_20_16_15_30_393,0.2,0,87969,90104,31.50236,-20.41655,2.119099,0.01993962,6.190545,2.169866,0.34,-0.00015793,-0.05060643,0.03388544,0.1929998,0.03175437,-0.1280028,,,
2024_04_20_16_15_30_515,0.2,0,88072,90208,31.47884,-20.38038,2.121373,0.01742187,6.184855,2.17374,0.35,-0.02349478,-0.04063189,0.03178583,0.05918741,-0.005021691,0.08662882,,,
2024_04_20_16_15_30_625,0.2,0,88161,90298,31.45861,-20.34826,2.124689,0.02112846,6.184948,2.177969,0.35,0.09005573,0.01081692,0.04549031,0.09280442,-0.2000481,-0.1976034,,,
2024_04_20_16_15_30_726,0.2,0,88238,90377,31.44107,-20.32034,2.12763,0.02706837,6.183578,2.179695,0.3,0.0564642,-0.01284772,0.01164147,-0.3704428,0.01062453,0.1422502,,,
2024_04_20_16_15_30_843,0.2,0,88321,90460,31.42225,-20.29128,2.129556,0.03147963,6.180213,2.180779,0.3,0.01847479,-0.03312497,0.01107885,-0.0166893,0.1732558,0.528221,,,
2024_04_20_16_15_30_958,0.2,0,88404,90541,31.40304,-20.26278,2.131942,0.03198989,6.176792,2.181698,0.28,0.002389373,-0.0175379,0.005542695,-0.07349253,-0.007465481,-0.09026285,,,
2024_04_20_16_15_31_060,0.2,0,88472,90608,31.38726,-20.23974,2.13467,0.0319819,6.174756,2.1821,0.27,-0.002123903,-0.02193717,0.004012621,0.01010299,0.01262128,-0.1079813,,,
2024_04_20_16_15_31_173,0.2,0,88547,90683,31.36926,-20.2142,2.137436,0.03107217,6.173098,2.181458,0.27,-0.003094929,-0.002750099,-0.005047198,-0.09238719,-0.004142523,0.09561422,,,
2024_04_20_16_15_31_276,0.2,0,88609,90749,31.35383,-20.1923,2.139907,0.03070731,6.172737,2.180701,0.26,-0.01991795,-0.02164762,-0.01466871,0.1653135,0.2574772,0.01454912,,,
2024_04_20_16_15_31_387,0.2,0,88683,90827,31.33534,-20.16714,2.141859,0.02823004,6.170367,2.178629,0.28,-0.0258821,-0.01954826,-0.01845634,0.09334087,-0.01512468,-0.1465827,,,
2024_04_20_16_15_31_494,0.2,0,88754,90899,31.31792,-20.14279,2.143925,0.02737517,6.17003,2.177499,0.3,-0.008757576,-8.62882E-05,-0.009664406,0.1625717,0.0007599592,-0.1430921,,,
2024_04_20_16_15_31_609,0.2,0,88833,90983,31.29847,-20.11439,2.147477,0.02874882,6.172707,2.177297,0.3,0.003625866,0.03705863,-0.001249723,0.01448393,0.03676116,0.1192996,,,
2024_04_20_16_15_31_709,0.2,0,88900,91054,31.28207,-20.09047,2.151028,0.02913285,6.176359,2.177279,0.29,0.004100341,0.03637401,-0.001436003,0.06091594,0.02673268,0.3963392,,,
2024_04_20_16_15_31_825,0.2,0,88977,91135,31.26322,-20.06298,2.155087,0.02955949,6.180523,2.177228,0.29,0.004059251,0.03575083,-0.001422961,-0.003993511,-0.008970499,0.08588935,,,
2024_04_20_16_15_31_926,0.2,0,89043,91205,31.24693,-20.03922,2.158592,0.02987374,6.184133,2.177364,0.29,-0.002903268,0.03106106,-0.001661187,-0.01719594,-0.007778406,-0.1358092,,,
2024_04_20_16_15_32_041,0.2,0,89119,91287,31.22825,-20.01191,2.162616,0.03095552,6.187089,2.177401,0.28,0.01837747,0.02821114,0.003819774,-0.2523363,-0.007271766,0.1409305,,,
2024_04_20_16_15_32_159,0.2,0,89191,91366,31.21068,-19.98583,2.167095,0.03245967,6.190737,2.177832,0.27,0.01045892,0.03335793,0.002152519,0.04449486,-0.002339482,-0.2150945,,,
2024_04_20_16_15_32_276,0.2,0,89263,91443,31.19321,-19.96007,2.171328,0.03310842,6.193704,2.178055,0.27,0.004035419,0.01961321,-0.0002919051,0.0179708,0.02244115,0.05097128,,,
2024_04_20_16_15_32_393,0.2,0,89337,91519,31.17537,-19.9338,2.17533,0.03382374,6.196567,2.178082,0.28,0.02116644,0.02864769,0.0009957959,-0.0384748,-0.06935,-0.1324201,,,
2024_04_20_16_15_32_513,0.2,0,89417,91598,31.1565,-19.90584,2.179421,0.03476437,6.199677,2.178148,0.27,0.001749408,0.02778069,0.00133917,-0.09396672,0.01993775,-0.3233319,,,
2024_04_20_16_15_32_627,0.2,0,89488,91667,31.1402,-19.88137,2.183426,0.03622059,6.203132,2.178736,0.26,0.0236519,0.02220179,0.008002144,0.004023314,-0.05730986,0.2449686,,,
2024_04_20_16_15_32_741,0.2,0,89562,91738,31.12371,-19.8561,2.187268,0.03854127,6.204822,2.179752,0.26,0.0180115,0.01049808,0.008534605,-0.0680387,0.003747642,0.2198163,,,
2024_04_20_16_15_32_841,0.2,0,89626,91798,31.10965,-19.83462,2.190542,0.04072346,6.206161,2.180764,0.26,0.02964629,0.01930243,0.01000768,-0.1528859,-0.005193054,-0.03946293,,,
2024_04_20_16_15_32_959,0.2,0,89700,91867,31.09336,-19.81,2.194631,0.04235172,6.20901,2.181574,0.25,-0.00402406,0.01491193,-0.001349913,-1.184613,0.05572289,0.20192,,,
2024_04_20_16_15_33_075,0.2,0,89773,91933,31.07738,-19.78641,2.198781,0.0417818,6.210329,2.18217,0.25,-0.005061206,0.01254747,0.002030673,-1.082107,0.006839633,-0.06444473,,,
2024_04_20_16_15_33_192,0.2,0,89845,91999,31.06126,-19.7635,2.202294,0.03901904,6.210815,2.182374,0.24,-0.02771003,-0.002484626,0.0004842207,-0.818625,-0.005766749,-0.03959424,,,
2024_04_20_16_15_33_293,0.2,0,89908,92054,31.04705,-19.74338,2.204893,0.03713352,6.211483,2.182576,0.25,-0.04357612,-0.01909046,0.004467446,-0.3995448,0.6125197,0.9898347,,,
2024_04_20_16_15_33_408,0.2,0,89987,92130,31.02854,-19.7179,2.20804,0.02874936,6.206705,2.183367,0.29,-0.06367247,-0.02970793,0.01033631,0.2179742,-0.05926191,-0.1752172,,,
2024_04_20_16_15_33_509,0.2,0,90062,92203,31.01123,-19.69291,2.210299,0.02578739,6.200906,2.185434,0.31,-0.007476851,-0.05602603,0.02577324,0.1773834,-0.03790855,0.08167419,,,
2024_04_20_16_15_33_625,0.2,0,90152,92294,30.99056,-19.6618,2.212454,0.02655012,6.19478,2.188803,0.33,0.002064697,-0.06322017,0.0305899,0.1480877,0.0937283,0.3923373,,,
2024_04_20_16_15_33_724,0.2,0,90234,92375,30.97147,-19.63368,2.214055,0.02624599,6.190003,2.191568,0.35,-0.0003685094,-0.03350674,0.02565905,0.1962185,-0.03235042,-0.1529204,,,
2024_04_20_16_15_33_824,0.2,0,90319,92460,30.95136,-19.60427,2.215763,0.0261352,6.186714,2.194095,0.36,0.007126089,-0.03500392,0.02659017,0.1543164,-0.05187094,-0.2399683,,,
2024_04_20_16_15_33_938,0.2,0,90419,92558,30.9272,-19.5697,2.218305,0.02536554,6.185671,2.196485,0.37,0.001310278,0.00469467,0.02011857,0.0731349,-0.01098215,0.06361306,,,
2024_04_20_16_15_34_041,0.2,0,90507,92646,30.90572,-19.53893,2.220936,0.02530749,6.185821,2.198514,0.37,0.001454377,-0.005515462,0.01886529,-0.01657009,-0.00603497,-0.1615658,,,
2024_04_20_16_15_34_142,0.2,0,90596,92733,30.88407,-19.50812,2.223566,0.02518125,6.186376,2.200082,0.38,0.007751285,0.01257956,0.01437697,0.1756847,-0.09135901,1.281842,,,
2024_04_20_16_15_34_242,0.2,0,90684,92821,30.86295,-19.47674,2.226231,0.02966389,6.189606,2.202691,0.39,0.06920486,0.07744854,0.02596627,0.1631975,-0.1181364,0.04014372,,,
2024_04_20_16_15_34_352,0.2,0,90785,92921,30.83864,-19.43991,2.230205,0.03735563,6.198411,2.205656,0.39,0.02318321,0.03763956,-0.001712781,-0.7320046,0.811249,-0.007604248,,,
2024_04_20_16_15_34_457,0.2,0,90870,93006,30.81754,-19.41001,2.233962,0.03915166,6.20192,2.205737,0.33,0.008729059,0.03061038,-0.004473085,-0.4765987,0.007614493,0.03514346,,,
2024_04_20_16_15_34_559,0.2,0,90943,93081,30.79955,-19.38453,2.237011,0.04148353,6.204066,2.205479,0.3,0.02761028,0.01467743,-0.003622941,-0.2196133,0.0513196,0.0428427,,,
2024_04_20_16_15_34_659,0.2,0,91009,93150,30.78296,-19.36118,2.239583,0.04286411,6.205369,2.205166,0.29,-0.0001032911,0.02503185,-0.0001311965,0.0192225,0.0064224,0.2386086,,,
2024_04_20_16_15_34_775,0.2,0,91084,93230,30.76413,-19.33507,2.243237,0.04244067,6.207805,2.204834,0.28,0.0002749637,0.02206163,-0.004266409,-0.02431869,-0.007331371,-0.05837436,,,
2024_04_20_16_15_34_875,0.2,0,91149,93298,30.74794,-19.31226,2.246151,0.04349155,6.208625,2.204394,0.28,0.003276157,-0.0009569991,-0.007329064,0.07146597,0.02920627,-0.1403699,,,
2024_04_20_16_15_34_976,0.2,0,91218,93371,30.73086,-19.28848,2.247747,0.0452013,6.207427,2.203404,0.29,0.01837577,-0.01406164,-0.009873986,0.02992153,-0.01473725,0.1261039,,,
2024_04_20_16_15_35_092,0.2,0,91297,93456,30.71108,-19.26076,2.249592,0.04774142,6.205648,2.202093,0.29,0.03706063,-0.007814265,-0.0128191,2.10619,-0.4451424,1.233324,,,
2024_04_20_16_15_35_209,0.2,0,91372,93537,30.69296,-19.23429,2.252922,0.05333619,6.204871,2.201625,0.27,0.09317103,-0.0528668,-0.01021493,0.2903044,-0.3615915,-0.145562,,,
2024_04_20_16_15_35_314,0.2,0,91445,93612,30.67613,-19.20877,2.256046,0.06247403,6.201369,2.200457,0.3,0.07337143,-0.01750244,-0.009734442,0.3005266,0.04464388,0.1252107,,,
2024_04_20_16_15_35_427,0.2,0,91528,93695,30.6559,-19.18012,2.259925,0.06509458,6.202371,2.198357,0.33,-0.01103531,0.009987901,-0.0254501,0.1003146,0.03117323,-0.07209368,,,
2024_04_20_16_15_35_543,0.2,0,91619,93785,30.63325,-19.14926,2.264113,0.06400588,6.204337,2.195412,0.34,-0.01214144,0.03460617,-0.02675356,0.2395213,0.0307709,0.2445802,,,
2024_04_20_16_15_35_661,0.2,0,91714,93879,30.60897,-19.11658,2.267855,0.06027426,6.209637,2.191993,0.37,-0.03864911,0.06156895,-0.02964019,0.2683997,0.01004338,-0.03763661,,,
2024_04_20_16_15_35_774,0.2,0,91808,93974,30.5856,-19.08348,2.271212,0.05983803,6.213245,2.191343,0.34,0.002796806,0.01081418,-0.001356437,-0.2702475,0.0924617,0.7309308,,,
2024_04_20_16_15_35_875,0.2,0,91884,94049,30.56725,-19.05684,2.273875,0.0591552,6.214242,2.191644,0.31,-0.002360761,0.02278225,0.006470969,-0.2504885,-0.3126711,-0.2605487,,,
2024_04_20_16_15_35_991,0.2,0,91967,94128,30.54822,-19.02882,2.276452,0.05990568,6.215899,2.193037,0.28,0.00662195,-0.0009726305,0.01688473,-0.2524853,0.02577901,0.276017,,,
2024_04_20_16_15_36_092,0.2,0,92035,94190,30.53282,-19.00653,2.278079,0.05963616,6.215707,2.194681,0.26,-0.005946075,-0.004041051,0.01837858,0.1648068,-0.01107156,0.07360149,,,
2024_04_20_16_15_36_191,0.2,0,92101,94253,30.51791,-18.98494,2.27972,0.05952911,6.214785,2.196579,0.26,0.005517588,-0.008351703,0.0280115,1.727939,0.001750886,0.0756802,,,
2024_04_20_16_15_36_293,0.2,0,92171,94321,30.50183,-18.96201,2.281716,0.05586992,6.210227,2.198658,0.29,-0.07435911,-0.0635874,0.02303784,0.2650619,0.07845461,-0.05915202,,,
2024_04_20_16_15_36_410,0.2,0,92259,94408,30.48067,-18.93289,2.284487,0.04814143,6.204319,2.20102,0.32,-0.05451694,-0.03376012,0.021389,0.1718104,-0.03114343,0.1161061,,,
2024_04_20_16_15_36_520,0.2,0,92349,94497,30.45912,-18.90278,2.287321,0.04333762,6.200886,2.20351,0.33,-0.01725685,-0.04104547,0.02981374,0.1340806,-0.05839765,-0.05851313,,,
2024_04_20_16_15_36_625,0.2,0,92431,94578,30.43976,-18.87469,2.290038,0.04328755,6.198453,2.206549,0.34,0.01308572,-0.01201598,0.03109708,0.02270937,0.007420778,0.02080947,,,
2024_04_20_16_15_36_744,0.1892122,0,92526,94673,30.41693,-18.84176,2.293165,0.04313841,6.196709,2.21015,0.34,-0.01392511,0.004983332,0.02534432,0.09462237,-0.02358854,0.1663426,,,
2024_04_20_16_15_36_860,0.1194566,0,92612,94760,30.39523,-18.81123,2.295888,0.04211523,6.198042,2.212801,0.29,-0.005205488,0.01353128,0.01914016,-0.7130205,0.006780028,0.05620624,,,
2024_04_20_16_15_36_970,0.051326,0,92672,94821,30.37998,-18.78941,2.298146,0.04265372,6.200119,2.214676,0.17,0.01613072,0.02009498,0.006580213,-2.23577,0.06189942,0.08900928,,,
2024_04_20_16_15_37_073,0,0,92692,94837,30.37471,-18.78102,2.299195,0.04376479,6.201486,2.216097,0,0.004985509,-0.0006614164,0.0002218672,-0.5023656,0.269359,0.4621122,,,
2024_04_20_16_15_37_176,0,0,92692,94837,30.37508,-18.78104,2.299007,0.04318742,6.200359,2.215986,0,-0.004483373,-0.006319628,-0.0007171723,0.09528267,-0.02167839,-0.04723738,,,
2024_04_20_16_15_37_292,0,0,92692,94837,24.72504,-50.0001,1.686306,0.01833001,6.279759,6.274126,-0.05,0.2070068,-0.2241884,-0.002129483,9.170122,3.936641,-5.704559,,,
